





8000 5.0 133.0 1.242446641768574E-4
8000 5.0 147.0 6.817129905501038E-5






8000 5.0 146.0 1.4239037409424782E-4
8000 5.0 146.0 1.1112866923213005E-4






8000 5.0 151.0 9.242561645805836E-5
8000 5.0 148.0 2.899999963119626E-4






8000 5.0 149.0 6.588245742022991E-5
8000 5.0 146.0 2.3748358944430947E-4






8000 5.0 143.0 1.6906100790947676E-4
8000 5.0 150.0 3.8431957364082336E-5






8000 5.0 147.0 1.8396403174847364E-4
8000 5.0 148.0 8.356303442269564E-5






8000 5.0 148.0 1.1035474017262459E-4
8000 5.0 151.0 6.686535198241472E-5






8000 5.0 147.0 2.116712275892496E-4
8000 5.0 148.0 1.2644764501601458E-4






8000 5.0 148.0 3.080850001424551E-5
8000 5.0 145.0 1.7201050650328398E-4






8000 5.0 146.0 2.4846935411915183E-4
8000 5.0 149.0 2.109009074047208E-5






8000 5.0 146.0 1.8892937805503607E-4
8000 5.0 144.0 7.429288234561682E-5









8000 5.0 148.0 3.8312649121508E-4
8000 5.0 149.0 5.881069228053093E-5






8000 5.0 145.0 2.2975599858909845E-4



8000 5.0 150.0 6.413640221580863E-5



8000 5.0 147.0 1.3448868412524462E-4






8000 5.0 145.0 9.756314102560282E-5
8000 5.0 150.0 4.342605825513601E-5



8000 5.0 149.0 8.392066229134798E-5



8000 5.0 149.0 3.006504266522825E-4






8000 5.0 150.0 1.923141535371542E-4
8000 5.0 147.0 6.953091360628605E-5



8000 5.0 151.0 4.307539784349501E-4



8000 5.0 153.0 2.7400022372603416E-4






8000 5.0 145.0 4.3887458741664886E-4
8000 5.0 149.0 1.5219178749248385E-4



8000 5.0 147.0 2.6129395700991154E-4



8000 5.0 144.0 4.962820094078779E-5






8000 5.0 146.0 2.0597002003341913E-4
8000 5.0 149.0 3.163886140100658E-4



8000 5.0 144.0 2.0006124395877123E-4



8000 5.0 148.0 8.705235086381435E-5






8000 5.0 150.0 4.1746417991817E-5
8000 5.0 148.0 1.0771781671792269E-4



8000 5.0 148.0 1.3997801579535007E-4



8000 5.0 144.0 3.0455412343144417E-5






8000 5.0 138.0 6.2025023094304885E-6
8000 5.0 146.0 4.969292785972357E-5



8000 5.0 141.0 6.190384692193842E-5



8000 5.0 147.0 3.2881152583286166E-4






8000 5.0 149.0 1.656955573707819E-4
8000 5.0 149.0 4.848535172641277E-5



8000 5.0 151.0 9.316578507423401E-5



8000 5.0 146.0 3.845785977318883E-5






8000 5.0 146.0 6.112316623330116E-5
8000 5.0 144.0 3.45427542924881E-5



8000 5.0 148.0 1.0447070235386491E-4



8000 5.0 144.0 2.3207918275147676E-4






8000 5.0 155.0 8.861836977303028E-5
8000 5.0 143.0 1.0101147936534528E-4



8000 5.0 146.0 2.7935253456234932E-5



8000 5.0 143.0 9.272655006498098E-5






8000 5.0 148.0 1.6363250324502587E-4
8000 5.0 144.0 3.253781469538808E-4



8000 5.0 146.0 4.0143728256225586E-5



8000 5.0 150.0 3.473617834970355E-5






8000 5.0 156.0 1.214276417158544E-4
8000 5.0 161.0 1.0105763794854283E-4



8000 5.0 145.0 4.44663455709815E-5



8000 5.0 147.0 1.0187190491706133E-4






8000 5.0 151.0 1.0326376650482416E-4
8000 5.0 145.0 2.1350686439913452E-4



8000 5.0 145.0 1.5376834198832512E-4



8000 5.0 147.0 7.98035180196166E-5






8000 5.0 145.0 6.252666935324669E-7
8000 5.0 151.0 1.6700662672519684E-4



8000 5.0 148.0 6.466679042205215E-5



8000 5.0 147.0 1.296759583055973E-4






8000 5.0 151.0 4.0033250115811825E-5
8000 5.0 148.0 7.822649786248803E-5



8000 5.0 148.0 4.016972379758954E-4



8000 5.0 147.0 9.313563350588083E-5






8000 5.0 146.0 3.267920110374689E-4
8000 5.0 146.0 1.6682181738647878E-4
8000 5.0 147.0 4.905590321868658E-5






8000 5.0 145.0 1.3721734285354614E-4






8000 5.0 135.0 9.219163514085506E-6
8000 5.0 147.0 3.355951048433781E-5



8000 5.0 155.0 1.7886079149320722E-4



8000 5.0 147.0 2.747843973338604E-5






8000 5.0 148.0 2.3129559122025967E-4
8000 5.0 146.0 2.0338385365903378E-4
8000 5.0 148.0 6.176315946504474E-5






8000 5.0 150.0 8.801737567409873E-5






8000 5.0 148.0 1.536286436021328E-5
8000 5.0 150.0 2.9318348970264196E-4
8000 5.0 152.0 1.0470661800354719E-4






8000 5.0 148.0 2.5987043045461178E-5






8000 5.0 145.0 1.1472555343061686E-4
8000 10.0 148.0 2.226048381999135E-4
8000 10.0 145.0 2.082060090874115E-4






8000 10.0 147.0 2.778946654871106E-4






8000 10.0 132.0 5.452822146859641E-5
8000 10.0 145.0 4.970456939190626E-5
8000 10.0 149.0 3.1886924989521503E-4






8000 10.0 148.0 2.748011611402035E-4






8000 10.0 148.0 2.525894669815898E-4
8000 10.0 148.0 4.528625866643981E-5
8000 10.0 151.0 1.7163692973554134E-5






8000 10.0 147.0 2.319000195711851E-4






8000 10.0 147.0 1.9706692546606064E-4
8000 10.0 149.0 6.390421185642481E-5
8000 10.0 147.0 1.0507181286811829E-5






8000 10.0 147.0 6.602832581847906E-5






8000 10.0 149.0 2.128463238477707E-4
8000 10.0 159.0 8.807587437331676E-5
8000 10.0 150.0 2.703386126086116E-4









8000 10.0 146.0 4.374573471270398E-5



8000 10.0 146.0 1.8966267816722393E-5
8000 10.0 146.0 8.9857610873878E-5
8000 10.0 149.0 2.1811830811202526E-4









8000 10.0 152.0 8.133973460644484E-5



8000 10.0 146.0 8.75664409250021E-6
8000 10.0 147.0 3.272665198892355E-4
8000 10.0 147.0 1.1476111831143498E-4









8000 10.0 148.0 2.8612453024834394E-4



8000 10.0 146.0 1.5811831690371037E-4
8000 10.0 149.0 1.788715599104762E-5



8000 10.0 152.0 2.459679963067174E-4






8000 10.0 151.0 1.9946001702919602E-4



8000 10.0 150.0 1.1150410864502192E-4
8000 10.0 149.0 2.2936263121664524E-5
8000 10.0 149.0 3.695731866173446E-4






8000 10.0 136.0 2.0551560145880407E-4






8000 10.0 144.0 3.956432920272669E-4
8000 10.0 154.0 6.365298759192228E-6
8000 10.0 147.0 1.5576172154396772E-4









8000 10.0 149.0 3.9730919525027275E-4



8000 10.0 148.0 1.1678156442940235E-4
8000 10.0 148.0 2.840025699697435E-4
8000 10.0 150.0 2.455110661685467E-4









8000 10.0 151.0 9.569642134010792E-5



8000 10.0 146.0 2.2290507331490517E-4
8000 10.0 150.0 2.6147079188376665E-4
8000 10.0 150.0 6.970652611926198E-5









8000 10.0 146.0 1.9928219262510538E-4



8000 10.0 147.0 4.948285642765566E-5
8000 10.0 145.0 3.275694327183171E-5
8000 10.0 148.0 2.2107758559286594E-4









8000 10.0 147.0 4.2830995516851544E-4



8000 10.0 150.0 9.603600483387709E-5
8000 10.0 148.0 2.2584677208214998E-4
8000 10.0 149.0 2.2166024427860975E-4









8000 10.0 148.0 3.034136607311666E-4



8000 10.0 135.0 1.156709717179183E-4
8000 10.0 151.0 2.858469379134476E-4
8000 10.0 153.0 1.7142435535788536E-4









8000 10.0 149.0 4.0596816688776016E-4



8000 10.0 149.0 4.576425999403E-5
8000 10.0 148.0 1.3087166007608175E-4
8000 10.0 146.0 2.813022584208132E-4









8000 10.0 146.0 4.648801404982805E-5



8000 10.0 150.0 1.4413200551643968E-4
8000 10.0 146.0 1.7721136105440868E-4
8000 10.0 136.0 4.895662244558076E-5









8000 10.0 148.0 1.0322220623493195E-4



8000 10.0 151.0 1.7822312658406897E-4
8000 10.0 156.0 2.9856106266379356E-5
8000 10.0 148.0 7.675396045669913E-5









8000 10.0 153.0 4.474446177482605E-5



8000 10.0 151.0 1.6000901814550161E-4
8000 10.0 150.0 1.112585305155436E-4
8000 10.0 147.0 2.4677650071680546E-4






8000 10.0 140.0 7.3843462644921E-5






8000 10.0 147.0 2.839767257682979E-4
8000 10.0 147.0 2.2584537509828806E-4
8000 10.0 155.0 2.3872125893831253E-4









8000 10.0 152.0 1.550527522340417E-4



8000 10.0 150.0 1.4584523160010576E-4
8000 10.0 148.0 5.5153388530015945E-5
8000 10.0 149.0 3.179812338203192E-4









8000 10.0 154.0 1.5076721319928765E-4



8000 10.0 148.0 3.517188597470522E-4
8000 10.0 147.0 7.117947097867727E-4



8000 10.0 150.0 1.8494069809094071E-4






8000 10.0 148.0 4.583691479638219E-4



8000 10.0 147.0 2.773292362689972E-5
8000 10.0 147.0 3.33321513608098E-5
8000 10.0 150.0 1.8276151968166232E-4









8000 10.0 150.0 1.8077425193041563E-4



8000 10.0 149.0 1.664013252593577E-4
8000 10.0 148.0 4.2551150545477867E-4
8000 10.0 147.0 2.5605468545109034E-4






8000 10.0 149.0 7.499440106686153E-5






8000 10.0 148.0 7.066922262310982E-5
8000 10.0 148.0 1.8925208132714033E-4
8000 10.0 147.0 1.6883178614079952E-4









8000 10.0 149.0 1.9253429491072893E-4



8000 10.0 147.0 1.5883671585470438E-4
8000 15.0 146.0 6.080395542085171E-5
8000 15.0 152.0 5.045067518949509E-4









8000 15.0 148.0 3.0272104777395725E-4



8000 15.0 150.0 2.7212832355871797E-4
8000 15.0 153.0 1.8093164544552565E-4
8000 15.0 150.0 1.7343962099403143E-5






8000 15.0 146.0 3.7061015609651804E-4






8000 15.0 149.0 1.5951762907207012E-4
8000 15.0 147.0 1.707852352410555E-4
8000 15.0 156.0 8.50216019898653E-6






8000 15.0 149.0 5.25123905390501E-5






8000 15.0 148.0 7.657503011561109E-5
8000 15.0 153.0 2.0530237816274166E-4
8000 15.0 147.0 3.19646205753088E-4






8000 15.0 146.0 3.3216539304703474E-4






8000 15.0 150.0 4.4406973756849766E-5
8000 15.0 155.0 1.3737264089286327E-4
8000 15.0 147.0 1.1730520051274011E-4






8000 15.0 149.0 9.19360900297761E-5






8000 15.0 147.0 1.620787661522627E-4
8000 15.0 148.0 3.9398123044520617E-4
8000 15.0 146.0 1.5153829008340836E-4






8000 15.0 152.0 7.498252671211958E-6






8000 15.0 147.0 2.4334993213415146E-4
8000 15.0 150.0 1.6903190407902002E-4






8000 15.0 150.0 2.382037928327918E-5
8000 15.0 147.0 3.0824600253254175E-4






8000 15.0 147.0 1.823797356337309E-4
8000 15.0 149.0 1.1336995520704316E-4






8000 15.0 152.0 2.8766284231096506E-4
8000 15.0 139.0 1.5613589764517895E-4






8000 15.0 148.0 6.442338926717639E-4
8000 15.0 152.0 3.252226160668001E-4






8000 15.0 159.0 3.7925224751234055E-4
8000 15.0 151.0 5.617924036307479E-5






8000 15.0 145.0 3.655608742915587E-4
8000 15.0 146.0 2.6932917535305023E-4






8000 15.0 150.0 5.674726562574506E-4
8000 15.0 146.0 6.0849124582840456E-5






8000 15.0 149.0 4.0554243605583906E-4
8000 15.0 153.0 3.780596307478845E-4






8000 15.0 152.0 5.4626958444714546E-5
8000 15.0 151.0 1.757851568982005E-4






8000 15.0 152.0 1.5631120186299086E-4
8000 15.0 149.0 2.953300718218088E-4






8000 15.0 147.0 4.679501289501786E-4
8000 15.0 150.0 1.3403932098299265E-4






8000 15.0 151.0 4.91722603328526E-5
8000 15.0 148.0 1.1665665077196215E-4






8000 15.0 147.0 1.0143278628889033E-4
8000 15.0 149.0 1.1359306517988443E-4






8000 15.0 140.0 5.20132267025902E-5
8000 15.0 152.0 2.5513838045299053E-4






8000 15.0 151.0 1.944915857166052E-5
8000 15.0 148.0 2.622334286570549E-4






8000 15.0 150.0 8.658389560878277E-6
8000 15.0 148.0 8.331576827913523E-5






8000 15.0 148.0 3.2175297383219004E-4
8000 15.0 150.0 5.516182282008231E-4






8000 15.0 146.0 7.453354774042964E-4
8000 15.0 150.0 2.822224050760269E-4






8000 15.0 148.0 2.620851155370474E-4
8000 15.0 148.0 7.118075154721737E-5






8000 15.0 150.0 2.882347325794399E-4
8000 15.0 150.0 3.4899194724857807E-4






8000 15.0 150.0 4.2867282172665E-4
8000 15.0 149.0 1.2961745960637927E-4






8000 15.0 153.0 6.93690381012857E-5
8000 15.0 149.0 1.7407338600605726E-4



8000 15.0 149.0 1.2611976126208901E-4
8000 15.0 150.0 1.1643138714134693E-4









8000 15.0 149.0 1.9002449698746204E-4
8000 15.0 149.0 6.973755080252886E-5



8000 15.0 147.0 6.58893259242177E-5
8000 15.0 150.0 2.4033308727666736E-4









8000 15.0 151.0 7.812277181074023E-5
8000 15.0 155.0 5.307344254106283E-4



8000 15.0 155.0 7.750673103146255E-4
8000 15.0 152.0 2.6524951681494713E-4









8000 15.0 150.0 1.611089101061225E-4



8000 15.0 148.0 2.5901757180690765E-4
8000 15.0 149.0 4.0359701961278915E-4



8000 15.0 151.0 3.380605485290289E-4






8000 15.0 149.0 4.579662345349789E-5



8000 15.0 149.0 6.197000038810074E-4
8000 15.0 155.0 2.1878210827708244E-4



8000 15.0 147.0 2.5810173247009516E-4






8000 15.0 148.0 4.8597075509058095E-4



8000 15.0 149.0 2.4322164244949818E-4
8000 15.0 150.0 5.658150184899569E-4



8000 15.0 150.0 2.621996682137251E-4






8000 15.0 148.0 2.59470718447119E-4



8000 15.0 148.0 1.1490820907056332E-4
8000 15.0 153.0 6.422724109143019E-4



8000 15.0 154.0 8.387607522308826E-6



8000 15.0 148.0 9.497045539319515E-6






8000 15.0 135.0 3.2896034404128683E-4
8000 15.0 148.0 5.28926495462656E-4



8000 15.0 149.0 1.0189018212258816E-5






8000 15.0 147.0 3.2510410530342006E-4



8000 20.0 140.0 3.0023686918866587E-4



8000 20.0 162.0 5.474091740325093E-4
8000 20.0 149.0 2.664620988070965E-4






8000 20.0 148.0 7.61772389523685E-5



8000 20.0 151.0 5.105941090732813E-5
8000 20.0 151.0 6.015514372847974E-4



8000 20.0 149.0 1.508897403255105E-4






8000 20.0 149.0 8.56114667840302E-4



8000 20.0 139.0 3.883487476377923E-4



8000 20.0 153.0 2.527497708797455E-4
8000 20.0 149.0 7.95857748016715E-4






8000 20.0 149.0 2.050846815109253E-4



8000 20.0 151.0 3.7055142456665635E-4
8000 20.0 148.0 2.612799871712923E-4



8000 20.0 151.0 5.847554421052337E-4






8000 20.0 151.0 4.840287147089839E-4



8000 20.0 149.0 1.035863533616066E-5
8000 20.0 151.0 1.2310105375945568E-5



8000 20.0 159.0 4.4231500942260027E-4



8000 20.0 149.0 2.7734984178096056E-4






8000 20.0 149.0 2.1815765649080276E-4
8000 20.0 152.0 3.422322915866971E-4



8000 20.0 152.0 4.998153890483081E-4



8000 20.0 147.0 7.036409806460142E-5






8000 20.0 149.0 3.1827192287892103E-4
8000 20.0 151.0 7.720775902271271E-4



8000 20.0 149.0 2.4191662669181824E-4



8000 20.0 148.0 6.658273050561547E-4






8000 20.0 151.0 1.4200207078829408E-4



8000 20.0 157.0 2.1858082618564367E-5
8000 20.0 151.0 1.9377528224140406E-4



8000 20.0 148.0 6.39398000203073E-4






8000 20.0 151.0 5.731906276196241E-4
8000 20.0 152.0 6.485412595793605E-4



8000 20.0 149.0 2.066518645733595E-4



8000 20.0 159.0 2.0038778893649578E-4






8000 20.0 147.0 2.4105631744532729E-4
8000 20.0 150.0 3.101738402619958E-4



8000 20.0 149.0 9.140593465417624E-5



8000 20.0 139.0 4.765941941514029E-4






8000 20.0 139.0 1.1102506832685321E-5



8000 20.0 150.0 1.4805432874709368E-4
8000 20.0 155.0 2.4291255977004766E-4



8000 20.0 148.0 1.9218074157834053E-5






8000 20.0 150.0 2.961780410259962E-5



8000 20.0 152.0 3.2435532193630934E-4
8000 20.0 148.0 8.277618326246738E-5



8000 20.0 150.0 3.198765334673226E-4






8000 20.0 150.0 4.3959938921034336E-5
8000 20.0 150.0 1.3419240713119507E-4



8000 20.0 149.0 2.5815621484071016E-5



8000 20.0 150.0 2.261619083583355E-4






8000 20.0 149.0 3.1522323843091726E-4
8000 20.0 149.0 3.640588838607073E-4



8000 20.0 149.0 1.2623751536011696E-4



8000 20.0 154.0 6.155117298476398E-4






8000 20.0 152.0 0.001197734149172902
8000 20.0 151.0 7.852946873754263E-5



8000 20.0 137.0 1.4731239909451688E-4



8000 20.0 146.0 9.429063647985458E-4






8000 20.0 153.0 4.077567718923092E-4
8000 20.0 149.0 3.07602109387517E-4



8000 20.0 147.0 1.1826760601252317E-4



8000 20.0 159.0 1.6692851204425097E-4






8000 20.0 135.0 4.337511855919729E-4
8000 20.0 152.0 6.964697969124245E-5



8000 20.0 156.0 3.469368675723672E-4



8000 20.0 153.0 1.0363582987338305E-4






8000 20.0 147.0 6.614297162741423E-4
8000 20.0 153.0 3.7061329931020737E-4



8000 20.0 147.0 2.741867210716009E-4



8000 20.0 153.0 2.0246021449565887E-4






8000 20.0 151.0 2.565273316577077E-4
8000 20.0 147.0 4.3618399648039487E-4



8000 20.0 150.0 4.63157775811851E-5



8000 20.0 153.0 2.530761994421482E-4






8000 20.0 148.0 5.810614675283432E-5
8000 20.0 152.0 1.4665327034890652E-4



8000 20.0 148.0 2.511827042326331E-4



8000 20.0 149.0 3.739951644092798E-4






8000 20.0 150.0 3.433378878980875E-4
8000 20.0 151.0 5.83900255151093E-4



8000 20.0 155.0 6.160174962133169E-4



8000 20.0 149.0 5.865518469363451E-4






8000 20.0 150.0 4.2901118285954E-4
8000 20.0 151.0 7.328082574531436E-5



8000 20.0 148.0 5.03294519148767E-4
8000 20.0 138.0 6.54807281352987E-4









8000 20.0 150.0 1.2862973380833864E-4
8000 20.0 153.0 1.2214924208819866E-4



8000 20.0 149.0 3.337393281981349E-4



8000 20.0 150.0 4.4448464177548885E-4






8000 20.0 148.0 1.1355394963175058E-4
8000 20.0 150.0 6.42093364149332E-5



8000 20.0 151.0 2.6059290394186974E-4



8000 20.0 153.0 1.813126727938652E-4






8000 20.0 150.0 1.3744615717769192E-4
8000 20.0 124.0 1.0187035379203735E-4



8000 20.0 164.0 5.742677021771669E-4



8000 25.0 149.0 4.8451346810907125E-4
8000 20.0 154.0 4.234525840729475E-5
8000 25.0 149.0 5.940977716818452E-4
8000 25.0 149.0 4.8451346810907125E-4



8000 25.0 149.0 5.940977716818452E-4






8000 25.0 153.0 9.456983534619212E-4



8000 25.0 151.0 3.8371479604393244E-4



8000 25.0 152.0 6.928077200427651E-4
8000 25.0 150.0 0.0010578951332718134






8000 25.0 149.0 6.151808192953467E-4



8000 25.0 150.0 5.387936835177243E-4



8000 25.0 148.0 2.9995886143296957E-4
8000 25.0 152.0 1.257184776380503E-4






8000 25.0 152.0 5.161195294931531E-4



8000 25.0 150.0 1.0869267862290144E-4



8000 25.0 152.0 1.595068024083351E-4
8000 25.0 150.0 7.39333569072187E-4






8000 25.0 149.0 9.882007725536823E-5



8000 25.0 151.0 9.757843799889088E-4



8000 25.0 150.0 9.213248267769814E-5
8000 25.0 155.0 5.447538569569588E-5






8000 25.0 152.0 4.4742925092577934E-4



8000 25.0 152.0 3.817792749032378E-4



8000 25.0 148.0 1.4657387509942055E-4
8000 25.0 150.0 3.191906725987792E-4






8000 25.0 152.0 4.393312847338772E-4



8000 25.0 160.0 4.554633051156998E-5



8000 25.0 150.0 6.151385605335236E-6
8000 25.0 151.0 7.248854963108897E-4






8000 25.0 156.0 5.159666761755943E-5



8000 25.0 149.0 5.062279524281621E-4



8000 25.0 151.0 2.2137229098007083E-4
8000 25.0 152.0 1.3550766743719578E-4






8000 25.0 151.0 2.992601366713643E-5



8000 25.0 151.0 9.269063593819737E-4



8000 25.0 152.0 3.7532649002969265E-5
8000 25.0 159.0 2.940256963483989E-4






8000 25.0 151.0 3.946918295696378E-4



8000 25.0 148.0 5.689497338607907E-4



8000 25.0 150.0 8.151342626661062E-4
8000 25.0 149.0 5.25260460563004E-4






8000 25.0 150.0 3.2573624048382044E-4



8000 25.0 152.0 3.924366319552064E-4



8000 25.0 150.0 3.5339617267406234E-6
8000 25.0 162.0 2.574319951236248E-4






8000 25.0 148.0 2.8284976724535227E-4



8000 25.0 135.0 4.757277771520118E-4



8000 25.0 150.0 2.318312181159854E-4
8000 25.0 150.0 2.381950616836548E-5






8000 25.0 147.0 1.492140581831336E-4



8000 25.0 151.0 5.961545393802226E-4



8000 25.0 150.0 1.2785743456333876E-4
8000 25.0 152.0 2.0946550648659468E-4






8000 25.0 150.0 7.470024866051972E-4



8000 25.0 139.0 8.548504323698581E-5



8000 25.0 150.0 2.2054254077374935E-4
8000 25.0 155.0 6.049965741112828E-4






8000 25.0 154.0 3.757658996619284E-4



8000 25.0 155.0 1.0124570690095425E-4



8000 25.0 149.0 5.44475857168436E-4
8000 25.0 150.0 2.2948032710701227E-4






8000 25.0 156.0 3.572169225662947E-5



8000 25.0 152.0 4.8556196270510554E-4



8000 25.0 151.0 6.485386984422803E-4
8000 25.0 155.0 4.6212400775402784E-4






8000 25.0 149.0 4.365447675809264E-4



8000 25.0 151.0 6.190413841977715E-5



8000 25.0 151.0 2.4933263193815947E-4
8000 25.0 153.0 2.2305623861029744E-4






8000 25.0 150.0 2.1105405176058412E-4



8000 25.0 159.0 5.059828399680555E-4



8000 25.0 148.0 4.6041375026106834E-4
8000 25.0 156.0 8.766855462454259E-4






8000 25.0 146.0 1.1298316542524845E-4



8000 25.0 154.0 2.5226298021152616E-4



8000 25.0 152.0 1.3594503980129957E-4
8000 25.0 152.0 1.9836926367133856E-4






8000 25.0 151.0 5.062011769041419E-5



8000 25.0 151.0 4.196485970169306E-4



8000 25.0 151.0 2.492156345397234E-4
8000 25.0 155.0 8.169092470780015E-4






8000 25.0 152.0 1.3555260375142097E-4



8000 25.0 151.0 2.165789483115077E-4



8000 25.0 150.0 1.4489860041067004E-4
8000 25.0 150.0 8.347289403900504E-4






8000 25.0 156.0 5.286330706439912E-4



8000 25.0 153.0 6.235878681764007E-4



8000 25.0 143.0 3.408442286211842E-4
8000 25.0 150.0 6.133636343292892E-4






8000 25.0 150.0 4.958239151164889E-4



8000 25.0 149.0 6.475342670455575E-4



8000 25.0 149.0 2.2154790349304676E-4
8000 25.0 153.0 2.1606095833703876E-4






8000 25.0 154.0 3.0819023959338665E-4



8000 25.0 151.0 2.8906448278576136E-4



8000 25.0 148.0 6.467557977885008E-5
8000 25.0 149.0 9.880098514258862E-5






8000 25.0 155.0 1.6131269512698054E-4



8000 25.0 150.0 7.473863661289215E-5



8000 25.0 150.0 3.0623574275523424E-4
8000 25.0 153.0 5.880413227714598E-4
8000 25.0 148.0 2.9330200051966434E-4
8000 25.0 149.0 2.0187546033412218E-4

8000 30.0 149.0 2.3050361778587103E-4
8000 30.0 152.0 8.985321619547904E-4






8000 30.0 155.0 4.6880135778337717E-4
8000 30.0 152.0 2.1874357480555773E-4






8000 30.0 151.0 2.316860482096672E-4
8000 30.0 148.0 8.543009171262383E-4






8000 30.0 148.0 4.6226533595472574E-4
8000 30.0 151.0 4.0180108044296503E-4






8000 30.0 151.0 3.042258322238922E-4
8000 30.0 151.0 1.0749150533229113E-5






8000 30.0 155.0 2.3236707784235477E-4
8000 30.0 148.0 7.565275300294161E-4






8000 30.0 151.0 1.4578865375369787E-4
8000 30.0 149.0 2.1594425195611882E-4






8000 30.0 153.0 1.1738762259483337E-4
8000 30.0 154.0 6.60377205349505E-4






8000 30.0 136.0 4.3129786836548843E-4
8000 30.0 152.0 7.119580986909568E-4






8000 30.0 153.0 4.972448223270476E-4
8000 30.0 149.0 4.0758546674624085E-4






8000 30.0 134.0 4.6225978487720047E-4
8000 30.0 153.0 3.04527347907424E-4






8000 30.0 151.0 7.087836274877191E-4
8000 30.0 150.0 1.1802371591329575E-4






8000 30.0 150.0 7.406366057693958E-5
8000 30.0 152.0 2.5030504912137985E-4






8000 30.0 152.0 2.9594660736620426E-4
8000 30.0 152.0 7.139481604099274E-4






8000 30.0 152.0 3.6410155007615685E-4
8000 30.0 151.0 3.1567574478685856E-4






8000 30.0 150.0 1.7719186143949628E-4
8000 30.0 152.0 4.3938792077824473E-4






8000 30.0 154.0 3.027544589713216E-4
8000 30.0 153.0 4.995486233383417E-4






8000 30.0 152.0 7.573281181976199E-4
8000 30.0 149.0 0.0012772002955898643






8000 30.0 149.0 4.469967680051923E-4
8000 30.0 152.0 6.719476077705622E-4






8000 30.0 152.0 1.7199211288243532E-4
8000 30.0 151.0 1.2855359818786383E-4






8000 30.0 144.0 7.183821198330926E-5
8000 30.0 151.0 3.7547445391412893E-4






8000 30.0 147.0 1.0642746929079294E-4
8000 30.0 149.0 3.893985413014889E-4






8000 30.0 147.0 9.888550287411947E-6
8000 30.0 153.0 1.0847306111827493E-4






8000 30.0 132.0 6.017533699092122E-4
8000 30.0 153.0 3.2111688051372766E-4






8000 30.0 153.0 3.5724847111850977E-4
8000 30.0 155.0 5.15113933943212E-5






8000 30.0 151.0 4.341540625318885E-5
8000 30.0 152.0 4.179579555056989E-4






8000 30.0 151.0 1.1812418233603239E-4
8000 30.0 152.0 1.25624006614089E-4






8000 30.0 151.0 6.069732480682433E-4
8000 30.0 150.0 1.1555198580026627E-4






8000 30.0 148.0 2.5805283803492785E-4
8000 30.0 150.0 9.530340321362019E-5






8000 30.0 152.0 4.4072174932807684E-4
8000 30.0 150.0 5.264997016638517E-4






8000 30.0 150.0 3.931666724383831E-4
8000 30.0 157.0 2.7477520052343607E-4






8000 30.0 147.0 7.94285093434155E-4
8000 30.0 151.0 6.096670404076576E-7






8000 30.0 148.0 4.5942922588437796E-4
8000 30.0 152.0 4.30538784712553E-5






8000 30.0 151.0 2.2245151922106743E-4
8000 30.0 155.0 2.52441328484565E-4






8000 30.0 153.0 1.139291562139988E-4
8000 30.0 153.0 7.955354521982372E-4






8000 30.0 150.0 3.3129617804661393E-4
8000 30.0 153.0 9.051968809217215E-4






8000 30.0 150.0 2.058160025626421E-4
8000 30.0 148.0 2.4218589533120394E-4






8000 30.0 153.0 4.514862084761262E-4
8000 30.0 151.0 3.962150076404214E-4






8000 30.0 149.0 3.972077975361442E-4
8000 30.0 149.0 1.9192928448319435E-5






8000 30.0 148.0 1.2992951085574793E-4
8000 30.0 150.0 3.489193041085465E-4






8000 30.0 149.0 0.0013287439942359924
8000 30.0 152.0 7.335255504585803E-4






8000 30.0 149.0 6.213268497958779E-4
8000 30.0 151.0 4.2381888488307595E-4






8000 30.0 141.0 6.221079110608636E-5
8000 30.0 150.0 1.1911912588402629E-4






8000 30.0 151.0 0.001054959138855338
8000 30.0 149.0 4.116921918466687E-4






8000 30.0 150.0 1.7398560883261132E-4
8000 30.0 152.0 9.22559411264956E-5






8000 30.0 154.0 4.4073304161429405E-4
8000 30.0 153.0 2.4605891667306423E-4






8000 30.0 154.0 9.593542199581861E-5
8000 30.0 150.0 0.0010097554186359048






8000 30.0 151.0 1.4639680739492178E-4
8000 30.0 144.0 1.5255066703373035E-5






8000 30.0 152.0 1.0612240293994546E-4
8000 30.0 151.0 3.5006238613277674E-4






8000 30.0 148.0 6.867027841508389E-4
8000 30.0 149.0 9.695832850619419E-4






8000 35.0 151.0 6.475013215094805E-4
8000 35.0 161.0 6.747144507244229E-4






8000 35.0 152.0 2.3076613433659077E-4
8000 35.0 149.0 4.1582027915865183E-4






8000 35.0 157.0 2.919880789704621E-4
8000 35.0 150.0 7.909659761935472E-4






8000 35.0 148.0 5.468040471896529E-4
8000 35.0 154.0 9.953674161806703E-4






8000 35.0 153.0 0.001065581920556724
8000 35.0 155.0 8.967914618551731E-5






8000 35.0 148.0 6.822403520345688E-4
8000 35.0 149.0 1.5385332517325878E-4






8000 35.0 152.0 1.419507898390293E-4
8000 35.0 149.0 3.816206008195877E-4






8000 35.0 157.0 0.001149064744822681
8000 35.0 154.0 2.1004118025302887E-4






8000 35.0 143.0 7.292598416881027E-4
8000 35.0 148.0 8.117267862186194E-4






8000 35.0 160.0 4.222342977300286E-5
8000 35.0 152.0 8.918744861148298E-4






8000 35.0 149.0 7.084781536832452E-4
8000 35.0 151.0 2.089469926431775E-4






8000 35.0 156.0 3.0829431486871235E-4
8000 35.0 155.0 4.4298358261585236E-6






8000 35.0 143.0 5.331513282054892E-4
8000 35.0 159.0 4.2096851393580437E-4






8000 35.0 150.0 8.803640957921743E-4
8000 35.0 151.0 2.130754292011261E-4






8000 35.0 153.0 5.805561086162925E-4
8000 35.0 154.0 1.6731926006076928E-4






8000 35.0 151.0 6.808394682929457E-4
8000 35.0 157.0 1.6356445848941803E-4






8000 35.0 151.0 4.005056107416749E-4
8000 35.0 151.0 4.3899763841181993E-4






8000 35.0 136.0 1.7583469667722685E-4
8000 35.0 150.0 8.9159922208637E-4






8000 35.0 142.0 0.001390008870422697
8000 35.0 150.0 3.221677616238594E-5






8000 35.0 154.0 4.341952735558152E-4
8000 35.0 152.0 1.3585016131401062E-4






8000 35.0 159.0 1.54422246851027E-4
8000 35.0 160.0 1.2551958207041025E-5






8000 35.0 149.0 2.879651729017496E-4
8000 35.0 153.0 3.885827025022501E-5






8000 35.0 149.0 9.795092046708585E-4
8000 35.0 153.0 6.004377501085401E-4






8000 35.0 152.0 3.5841320641338825E-4
8000 35.0 155.0 8.183158934116364E-5






8000 35.0 140.0 3.3233366517099335E-4
8000 35.0 154.0 4.590642638504505E-4






8000 35.0 154.0 0.001044472330249846
8000 35.0 150.0 3.5107036819681525E-4






8000 35.0 151.0 4.053800366818905E-4
8000 35.0 155.0 4.429849795997143E-4






8000 35.0 153.0 2.069963375106454E-4
8000 35.0 151.0 6.345368456095457E-4






8000 35.0 150.0 4.5792863238602877E-4
8000 35.0 155.0 6.119640311226249E-4






8000 35.0 150.0 3.2485462725162506E-4
8000 35.0 151.0 3.3252802677452564E-4






8000 35.0 152.0 2.962338039651513E-4
8000 35.0 152.0 8.250738028436899E-5






8000 35.0 135.0 6.88349277233311E-4
8000 35.0 155.0 8.469234453514218E-4






8000 35.0 150.0 2.2183929104357958E-4
8000 35.0 161.0 8.588458877056837E-5






8000 35.0 151.0 4.4345168862491846E-4
8000 35.0 152.0 2.010876778513193E-5






8000 35.0 148.0 1.7517001831527943E-4
8000 35.0 152.0 9.279389050789177E-4






8000 35.0 150.0 3.1621160451322794E-4
8000 35.0 154.0 0.00136531051248312






8000 35.0 153.0 1.2848747428506613E-4
8000 35.0 151.0 0.0015059576835483313






8000 35.0 151.0 0.001024565426632762
8000 35.0 152.0 7.551535964012146E-4






8000 35.0 150.0 1.3773096725344658E-6
8000 35.0 152.0 2.501288545317948E-4






8000 35.0 153.0 4.1279103606939316E-4



8000 35.0 159.0 2.234856365248561E-4



8000 35.0 152.0 3.164435038343072E-4



8000 35.0 154.0 9.183380752801895E-4



8000 35.0 152.0 8.56266007758677E-4



8000 35.0 153.0 3.1522009521722794E-4



8000 35.0 137.0 1.5922302942132004E-4



8000 35.0 158.0 1.4264648780226707E-4



8000 35.0 150.0 8.733782451599836E-4



8000 35.0 150.0 3.875093534588814E-4



8000 35.0 151.0 1.8491072114557028E-4



8000 35.0 151.0 4.929243586957455E-4



8000 35.0 150.0 7.891749264672399E-4



8000 35.0 152.0 5.921971751376987E-4



8000 35.0 148.0 2.4834764190018177E-5



8000 35.0 151.0 3.6420871037989855E-4



8000 35.0 153.0 1.262269797846854E-4



8000 35.0 154.0 6.72730035148561E-4



8000 35.0 144.0 5.430428821777101E-4



8000 35.0 158.0 1.1298776371404529E-4



8000 35.0 153.0 0.0010110868606716394



8000 35.0 152.0 3.9497576653957367E-4



8000 40.0 155.0 2.452137414366007E-4
8000 40.0 153.0 0.0011343717342242599

8000 40.0 155.0 2.452137414366007E-4
8000 35.0 152.0 3.9497576653957367E-4
8000 40.0 153.0 0.0011343717342242599
8000 40.0 152.0 7.571486057713628E-4












8000 40.0 153.0 2.431962639093399E-5
8000 40.0 156.0 4.028957337141037E-4
8000 40.0 151.0 2.246780786663294E-5
8000 40.0 151.0 0.0014906295109540224












8000 40.0 153.0 0.0015999508323147893
8000 40.0 157.0 1.4964956790208817E-4
8000 40.0 153.0 2.2720242850482464E-4
8000 40.0 156.0 1.414121361328095E-4












8000 40.0 152.0 4.3375883251428604E-5
8000 40.0 153.0 3.7282099947333336E-4
8000 40.0 151.0 1.8916791304945946E-4
8000 40.0 152.0 3.3888150937855244E-5












8000 40.0 156.0 0.0016796962008569002
8000 40.0 153.0 0.001193871023133397
8000 40.0 152.0 3.7685222923755646E-4
8000 40.0 152.0 0.0010177394142374396












8000 40.0 150.0 6.495143752545118E-4
8000 40.0 152.0 5.551830981858075E-4
8000 40.0 157.0 8.765559177845716E-4
8000 40.0 152.0 8.567991899326444E-4












8000 40.0 153.0 1.824990613386035E-4
8000 40.0 154.0 7.316058035939932E-4
8000 40.0 154.0 5.0684320740401745E-5
8000 40.0 150.0 7.677789544686675E-4












8000 40.0 153.0 1.587520819157362E-4
8000 40.0 151.0 1.7037626821547747E-4
8000 40.0 154.0 8.341768989339471E-5
8000 40.0 152.0 1.0001903865486383E-4












8000 40.0 152.0 5.698752356693149E-4
8000 40.0 163.0 5.102069117128849E-4
8000 40.0 142.0 5.203710048469172E-4
8000 40.0 158.0 6.150065455585718E-4












8000 40.0 151.0 5.956158274784684E-4
8000 40.0 153.0 1.6948336269706488E-4
8000 40.0 153.0 0.001183965418022126
8000 40.0 154.0 2.586058108136058E-4












8000 40.0 154.0 1.16117880679667E-4
8000 40.0 154.0 3.6501052090898156E-4
8000 40.0 150.0 6.911383243277669E-4
8000 40.0 155.0 2.7634180150926113E-4












8000 40.0 151.0 3.6562641616910696E-4
8000 40.0 153.0 6.934966659173369E-4
8000 40.0 149.0 3.432064549754917E-4
8000 40.0 153.0 2.170054940506816E-4









8000 40.0 150.0 1.725936308503151E-4
8000 40.0 157.0 4.359715385362506E-4
8000 40.0 150.0 2.2422627080231905E-4







8000 40.0 153.0 1.467629917897284E-4



8000 40.0 144.0 4.4914721255433205E-4



8000 40.0 156.0 8.198937866836786E-4



8000 40.0 153.0 3.355006920173764E-4



8000 40.0 156.0 6.754062487743795E-4



8000 40.0 151.0 4.5144709292799234E-4



8000 40.0 149.0 5.491881165653467E-4



8000 40.0 152.0 5.480698891915381E-4



8000 40.0 151.0 5.520322592929006E-4



8000 40.0 153.0 6.104635540395975E-4



8000 40.0 152.0 8.561771828681231E-4



8000 40.0 152.0 4.0339352563023567E-4



8000 40.0 152.0 8.813363965600729E-4



8000 40.0 158.0 1.5944900223985314E-4



8000 40.0 150.0 6.454391404986382E-4



8000 40.0 151.0 5.070729530537695E-4



8000 40.0 154.0 9.836069657467306E-4



8000 40.0 162.0 1.236945390701294E-4



8000 40.0 148.0 2.2824015463508354E-4



8000 40.0 159.0 0.001220339152496308



8000 40.0 151.0 6.236255867406726E-4



8000 40.0 157.0 0.0012933812686242163



8000 40.0 139.0 2.0026226144788477E-5



8000 40.0 151.0 5.382704548537731E-4



8000 40.0 153.0 4.540442023426294E-5



8000 40.0 152.0 0.0013437639572657645



8000 40.0 151.0 2.3500749375671148E-4



8000 40.0 156.0 5.229972884990275E-4



8000 40.0 153.0 8.517387324294153E-5



8000 40.0 150.0 8.517457174699909E-5



8000 40.0 156.0 7.397405570372939E-4



8000 40.0 153.0 2.9943021945655346E-4



8000 40.0 154.0 8.12885700725019E-4



8000 40.0 152.0 4.850244731642306E-4



8000 40.0 157.0 9.530270472168922E-5



8000 40.0 150.0 4.534738836809993E-4



8000 40.0 150.0 3.9114290848374367E-4



8000 40.0 153.0 5.290217231959105E-4









8000 40.0 151.0 4.97712346247378E-4



8000 40.0 153.0 1.7617724370211363E-4
8000 40.0 152.0 6.039722939021885E-4
8000 40.0 152.0 5.588086787611246E-5









8000 40.0 154.0 2.1654332522302866E-4



8000 40.0 149.0 7.319755386803687E-4
8000 40.0 165.0 2.2520596394315362E-4
8000 40.0 154.0 3.1647394644096494E-4









8000 40.0 154.0 6.493836990557611E-4



8000 40.0 153.0 4.3914467096328735E-4
8000 40.0 151.0 2.6849796995520592E-5
8000 40.0 152.0 1.2017786502838135E-5









8000 45.0 154.0 4.094057949259877E-4



8000 45.0 152.0 0.0014199501601979136
8000 45.0 162.0 9.555011056363583E-4
8000 45.0 151.0 0.0010916822357103229









8000 45.0 154.0 4.579534870572388E-4



8000 45.0 150.0 0.0017326337983831763
8000 45.0 153.0 4.6560075134038925E-4
8000 45.0 152.0 0.0012258357019031378









8000 45.0 153.0 6.31759176030755E-5



8000 45.0 155.0 3.8904137909412384E-5
8000 45.0 154.0 1.3609649613499641E-5
8000 45.0 156.0 5.896176444366574E-4









8000 45.0 155.0 3.106255317106843E-4



8000 45.0 153.0 3.6841980181634426E-4
8000 45.0 152.0 2.079663099721074E-4
8000 45.0 153.0 0.001244707265868783









8000 45.0 157.0 6.595824379473925E-4



8000 45.0 152.0 0.0013272311771288514
8000 45.0 158.0 4.5552587835118175E-4
8000 45.0 154.0 6.019779830239713E-4









8000 45.0 152.0 4.4759269803762436E-4



8000 45.0 151.0 5.06763462908566E-4
8000 45.0 153.0 0.0010099091450683773
8000 45.0 145.0 7.91104315166277E-5









8000 45.0 150.0 7.994534680619836E-4



8000 45.0 158.0 6.098971352912486E-4
8000 45.0 153.0 7.0196110490624876E-6
8000 45.0 155.0 6.106274668127298E-5









8000 45.0 152.0 1.1057290248572826E-4



8000 45.0 154.0 8.306186646223068E-5
8000 45.0 155.0 1.6010901890695095E-4
8000 45.0 155.0 3.5020115319639444E-5









8000 45.0 152.0 6.618400802306662E-4



8000 45.0 153.0 7.951084990054369E-5
8000 45.0 157.0 0.0010316235129456883
8000 45.0 152.0 1.0224140720145608E-4









8000 45.0 157.0 1.4123215805739164E-4



8000 45.0 153.0 7.635174553301609E-5
8000 45.0 161.0 6.253523752093315E-4
8000 45.0 156.0 5.210407543927431E-4









8000 45.0 155.0 1.111742458306253E-4



8000 45.0 153.0 5.861406680196524E-4
8000 45.0 153.0 7.77134788222611E-4
8000 45.0 152.0 3.281611716374755E-4









8000 45.0 157.0 9.689475409686565E-4



8000 45.0 152.0 1.9210157915949821E-4
8000 45.0 154.0 2.9352668207138777E-5
8000 45.0 153.0 3.165378584526479E-4









8000 45.0 156.0 3.3230509143322706E-4



8000 45.0 156.0 0.0016490327543579042
8000 45.0 155.0 1.453751465305686E-4
8000 45.0 154.0 9.62358433753252E-4









8000 45.0 154.0 5.714785074815154E-4



8000 45.0 141.0 4.618436192818494E-4
8000 45.0 155.0 6.398613913916051E-4
8000 45.0 154.0 2.6066636200994253E-4









8000 45.0 152.0 5.17931766808033E-7



8000 45.0 139.0 4.983676555143161E-4
8000 45.0 154.0 7.04523699823767E-4
8000 45.0 152.0 0.001075115636922419









8000 45.0 163.0 0.0011008449946530163



8000 45.0 157.0 3.5865139216184616E-4
8000 45.0 154.0 0.0010121577652171254
8000 45.0 155.0 6.195815512910485E-5









8000 45.0 151.0 1.637665554881096E-4



8000 45.0 153.0 2.914807992056012E-4
8000 45.0 155.0 6.039544241502881E-4
8000 45.0 156.0 2.3000838700681925E-4









8000 45.0 152.0 3.5876198671758175E-4



8000 45.0 154.0 0.0016025920049287379
8000 45.0 157.0 6.561323534697294E-4
8000 45.0 147.0 6.685176583679012E-4









8000 45.0 154.0 4.7373981215059757E-4



8000 45.0 152.0 0.001942973118275404
8000 45.0 154.0 3.87862091884017E-4
8000 45.0 154.0 0.0026126927114091814









8000 45.0 156.0 5.512551870197058E-4



8000 45.0 155.0 0.0020762968924827874
8000 45.0 155.0 2.192197716794908E-4
8000 45.0 153.0 3.0980794690549374E-4









8000 45.0 157.0 0.001895706111099571



8000 45.0 155.0 0.0011895353673025966
8000 45.0 167.0 8.945420267859432E-4
8000 45.0 154.0 0.0013535370817672546









8000 45.0 156.0 0.0010019136825576425



8000 45.0 151.0 3.5126565492563794E-4
8000 45.0 156.0 5.004135891795158E-4
8000 45.0 160.0 0.001221420243382454









8000 45.0 153.0 6.142184720374644E-4



8000 45.0 154.0 4.7837477177381516E-4
8000 45.0 153.0 3.796401433646679E-4
8000 45.0 154.0 6.204911042004824E-4









8000 45.0 153.0 3.175801830366254E-4



8000 45.0 156.0 6.636458565481007E-4
8000 45.0 156.0 5.444398848339915E-4
8000 45.0 158.0 2.351868897676468E-5









8000 45.0 154.0 6.217092159204185E-4



8000 45.0 153.0 4.561961395666003E-4
8000 45.0 154.0 7.973916362706487E-4
8000 45.0 153.0 2.14017229154706E-4









8000 50.0 139.0 3.8074476682231764E-4



8000 50.0 153.0 0.0014705195790156722
8000 50.0 153.0 0.0028644545818679035
8000 50.0 156.0 8.346736431121826E-4









8000 50.0 153.0 4.2845337884500623E-4



8000 50.0 154.0 0.001021604752226267
8000 50.0 155.0 1.6676553059369326E-4
8000 50.0 155.0 9.350255131721497E-4









8000 50.0 154.0 7.77667504735291E-4



8000 50.0 155.0 7.585488492622972E-4
8000 50.0 157.0 4.2601744644343853E-4
8000 50.0 156.0 2.523004077374935E-4









8000 50.0 154.0 2.9172777431085706E-4



8000 50.0 153.0 3.6901014391332865E-4
8000 50.0 151.0 2.5263032875955105E-4
8000 50.0 154.0 7.374037522822618E-5









8000 50.0 152.0 9.308311855711508E-4



8000 50.0 152.0 0.0013742971932515502
8000 50.0 162.0 7.808415684849024E-4
8000 50.0 155.0 2.3941515246406198E-4









8000 50.0 162.0 0.0012740009697154164



8000 50.0 154.0 3.3963483292609453E-4
8000 50.0 147.0 2.0760788521147333E-4
8000 50.0 158.0 3.3934018574655056E-4









8000 50.0 154.0 4.3093785643577576E-4



8000 50.0 156.0 1.6824231715872884E-4
8000 50.0 154.0 3.942209295928478E-4
8000 50.0 154.0 4.143982660025358E-4









8000 50.0 154.0 4.772810498252511E-4



8000 50.0 154.0 4.660123377107084E-4
8000 50.0 157.0 6.796303205192089E-4
8000 50.0 154.0 1.4507834566757083E-4









8000 50.0 154.0 1.6176514327526093E-4



8000 50.0 152.0 1.86850200407207E-4
8000 50.0 155.0 7.953053573146462E-4
8000 50.0 150.0 2.63659399934113E-4









8000 50.0 155.0 3.7213903848896734E-4



8000 50.0 155.0 0.002572307246737182
8000 50.0 152.0 7.459307089447975E-4
8000 50.0 154.0 5.17109758220613E-4









8000 50.0 157.0 4.3828069465234876E-4



8000 50.0 156.0 3.985679359175265E-4
8000 50.0 151.0 1.1584372259676456E-5
8000 50.0 154.0 2.1998770534992218E-4









8000 50.0 152.0 0.001115256454795599



8000 50.0 156.0 9.855360258370638E-5
8000 50.0 154.0 2.431422472000122E-4
8000 50.0 154.0 1.980336382985115E-4









8000 50.0 155.0 2.277693711221218E-4



8000 50.0 153.0 8.956374367699027E-4
8000 50.0 157.0 0.0017839611391536891
8000 50.0 154.0 2.9732007489656098E-5









8000 50.0 160.0 5.645636701956391E-4



8000 50.0 155.0 7.071101572364569E-4
8000 50.0 154.0 5.189965013414621E-4
8000 50.0 154.0 0.0010936663020402193









8000 50.0 156.0 0.0012129192473366857



8000 50.0 145.0 8.141039643378463E-4
8000 50.0 145.0 0.0012403812821721659
8000 50.0 156.0 0.0013053157599642873









8000 50.0 160.0 9.016449330374599E-4



8000 50.0 143.0 6.029782933474053E-4
8000 50.0 152.0 0.001959478249773383
8000 50.0 155.0 1.0454922448843718E-4









8000 50.0 153.0 1.7393555026501417E-4



8000 50.0 155.0 2.419917145743966E-4
8000 50.0 157.0 0.0010336338891647756
8000 50.0 153.0 7.414957508444786E-5





















8000 50.0 157.0 0.0017839611391536891



8000 50.0 154.0 2.9732007489656098E-5



8000 50.0 160.0 5.645636701956391E-4
8000 50.0 155.0 7.071101572364569E-4






8000 50.0 154.0 5.189965013414621E-4



8000 50.0 154.0 0.0010936663020402193



8000 50.0 156.0 0.0012129192473366857
8000 50.0 145.0 8.141039643378463E-4






8000 50.0 145.0 0.0012403812821721659



8000 50.0 156.0 0.0013053157599642873



8000 50.0 160.0 9.016449330374599E-4
8000 50.0 143.0 6.029782933474053E-4






8000 50.0 152.0 0.001959478249773383



8000 50.0 155.0 1.0454922448843718E-4



8000 50.0 153.0 1.7393555026501417E-4
8000 50.0 155.0 2.419917145743966E-4






8000 50.0 157.0 0.0010336338891647756



8000 50.0 153.0 7.414957508444786E-5



8000 50.0 153.0 3.843771992251277E-4
8000 50.0 156.0 0.0016401117900386453






8000 50.0 151.0 2.0895071793347597E-4



8000 50.0 156.0 0.002055205055512488



8000 50.0 153.0 0.001047420664690435
8000 50.0 151.0 0.0011527617462270428






8000 50.0 147.0 5.220111322269077E-4



8000 50.0 154.0 0.002100270299706608
8000 50.0 140.0 6.44174145301804E-4



8000 50.0 140.0 0.0018164306463877438






8000 50.0 157.0 3.752726479433477E-4



8000 50.0 152.0 2.7685193344950676E-4



8000 50.0 153.0 8.908338495675708E-4
8000 50.0 156.0 6.909523508511484E-4






8000 50.0 154.0 0.001284596975921886



8000 50.0 161.0 4.286036128178239E-4



8000 50.0 156.0 6.172768771648407E-4
8000 50.0 154.0 5.681854672729969E-4






8000 50.0 152.0 0.001703816989902407



8000 50.0 153.0 2.105253515765071E-4



8000 50.0 154.0 1.6195460921153426E-4
8000 50.0 158.0 0.0014308214304037392






8000 50.0 155.0 4.988724831491709E-4



8000 50.0 154.0 4.3991481652483344E-4
8000 50.0 157.0 1.3997487258166075E-5



8000 50.0 156.0 0.0013113482855260372






8000 50.0 158.0 0.0010577511275187135



8000 50.0 156.0 5.2839284762740135E-5
8000 50.0 156.0 6.586686358787119E-4



8000 50.0 154.0 8.98613827303052E-4
8000 50.0 152.0 6.714970804750919E-4
8000 50.0 154.0 5.822245730087161E-4
