











8000 25.0 139.0 4.130670983577147E-4
8000 25.0 149.0 1.147248549386859E-4
8000 25.0 151.0 8.352100849151611E-5
8000 25.0 148.0 7.716593099758029E-4












8000 25.0 156.0 6.405741441994905E-5
8000 25.0 155.0 2.431352622807026E-4
8000 25.0 152.0 1.5207694377750158E-4
8000 25.0 152.0 3.9417616790160537E-4












8000 25.0 149.0 1.9655528012663126E-4
8000 25.0 154.0 3.5988696618005633E-4
8000 25.0 150.0 9.298875229433179E-4
8000 25.0 149.0 5.326479440554976E-4












8000 25.0 139.0 6.882117909844965E-5
8000 25.0 152.0 7.503607776015997E-5
8000 25.0 148.0 3.2300292514264584E-4
8000 25.0 156.0 4.891902208328247E-4












8000 25.0 141.0 1.4629064027879698E-4
8000 25.0 150.0 5.788442213088274E-4
8000 25.0 150.0 1.9642419647425413E-4
8000 25.0 149.0 1.1967157479375601E-4












8000 25.0 149.0 1.999759115278721E-5
8000 25.0 151.0 7.164020789787173E-4
8000 25.0 140.0 2.2208736193715594E-4
8000 25.0 149.0 4.394124262034893E-4












8000 25.0 150.0 2.7511734515428543E-4
8000 25.0 151.0 2.3112911731004715E-4
8000 25.0 149.0 5.541730206459761E-4
8000 25.0 150.0 2.0095345098525286E-4












8000 25.0 151.0 0.0011846887064166367
8000 25.0 152.0 5.970513448119164E-4
8000 25.0 153.0 2.777117188088596E-4
8000 25.0 151.0 3.7216790951788425E-4












8000 25.0 148.0 1.0645599104464054E-5
8000 25.0 151.0 1.1424004333093762E-4
8000 25.0 150.0 5.980856949463487E-4
8000 25.0 148.0 1.249328488484025E-4












8000 25.0 150.0 3.668747376650572E-4
8000 25.0 150.0 1.4423509128391743E-4
8000 25.0 148.0 1.8251629080623388E-4
8000 25.0 150.0 3.621658543124795E-4












8000 25.0 149.0 1.169412862509489E-4
8000 25.0 150.0 3.123102360405028E-4
8000 25.0 148.0 1.2806185986846685E-4
8000 25.0 149.0 1.5114399138838053E-4












8000 25.0 151.0 3.56643577106297E-4
8000 25.0 147.0 4.811255494132638E-4
8000 25.0 157.0 4.6886957716196775E-4
8000 25.0 152.0 4.8616662388667464E-4












8000 25.0 152.0 5.638761213049293E-4
8000 25.0 148.0 1.399453030899167E-4
8000 25.0 150.0 2.5090068811550736E-4
8000 25.0 151.0 2.0967540331184864E-4












8000 25.0 152.0 3.1125545501708984E-4
8000 25.0 151.0 3.719242522493005E-4
8000 25.0 150.0 8.26967298053205E-5
8000 25.0 150.0 0.001175255049020052












8000 25.0 149.0 6.846168544143438E-4
8000 25.0 150.0 2.2195989731699228E-4
8000 25.0 151.0 6.709166336804628E-5
8000 25.0 149.0 1.4944997383281589E-4












8000 25.0 149.0 8.38014530017972E-5
8000 25.0 149.0 1.4094298239797354E-4
8000 25.0 150.0 1.4965713489800692E-4
8000 25.0 152.0 1.6611540922895074E-4












8000 25.0 152.0 3.3145665656775236E-4
8000 25.0 150.0 2.1591957192867994E-5
8000 25.0 152.0 4.6430848306044936E-4
8000 25.0 153.0 1.81815295945853E-4












8000 25.0 149.0 4.5025895815342665E-5
8000 25.0 163.0 1.870503183454275E-4
8000 25.0 147.0 4.7649303453120714E-4
8000 25.0 150.0 3.3584138145670295E-4












8000 25.0 155.0 6.59314333461225E-4
8000 25.0 150.0 7.112895837053657E-4
8000 25.0 149.0 9.5540308393538E-6
8000 25.0 150.0 1.7140223644673824E-4












8000 25.0 147.0 3.858557902276516E-4
8000 25.0 151.0 2.920684637501836E-4
8000 25.0 147.0 1.2447754852473736E-4
8000 25.0 148.0 3.261190140619874E-4












8000 25.0 150.0 1.2855109525844455E-4
8000 25.0 150.0 1.1899741366505623E-4
8000 25.0 152.0 8.912174962460995E-7
8000 25.0 147.0 9.109649108722806E-4












8000 25.0 152.0 6.183055811561644E-4
8000 25.0 150.0 4.4933671597391367E-4
8000 25.0 151.0 2.5697844102978706E-4
8000 25.0 149.0 3.806987078860402E-4












8000 25.0 139.0 5.9484549567181E-4
8000 25.0 151.0 3.530902322381735E-4
8000 25.0 152.0 2.295530284754932E-4
8000 25.0 149.0 4.1354866698384285E-4












8000 25.0 152.0 5.759223131462932E-4
8000 25.0 153.0 3.17565631121397E-4
8000 25.0 152.0 6.106315413489938E-5
8000 25.0 149.0 3.4716399386525154E-4












8000 25.0 152.0 7.257831166498363E-4
8000 25.0 148.0 3.933546831831336E-4
8000 25.0 147.0 0.0016015063738644432
8000 25.0 151.0 1.242209691554308E-5












8000 25.0 149.0 7.746287155896425E-5
8000 25.0 152.0 2.7972261887043715E-4
8000 25.0 156.0 9.921328164637089E-4
8000 25.0 148.0 2.1368369925767183E-4












8000 25.0 152.0 1.9273138605058193E-5
8000 25.0 150.0 5.419416120275855E-4
8000 25.0 150.0 1.2125703506171703E-4
8000 25.0 156.0 2.3762736236676574E-4












8000 25.0 149.0 2.348726848140359E-4
8000 25.0 149.0 7.874428993090987E-4
8000 25.0 151.0 7.852754206396639E-4
8000 25.0 150.0 5.719562759622931E-4












8000 25.0 149.0 1.0795181151479483E-4
8000 25.0 151.0 2.2547785192728043E-5
8000 25.0 157.0 3.0552863609045744E-4
8000 25.0 152.0 3.963126800954342E-6












8000 25.0 150.0 3.284688573330641E-4
8000 25.0 151.0 7.13171904014113E-6
8000 25.0 155.0 7.364259799942374E-4
8000 25.0 152.0 1.780071761459112E-5












8000 25.0 147.0 4.5617192516025776E-4
8000 25.0 149.0 1.9443873316049576E-4
8000 25.0 151.0 5.08091296069324E-4
8000 25.0 150.0 3.824378363788128E-4












8000 25.0 151.0 4.0922733022792575E-4
8000 25.0 149.0 4.7009531408548355E-4
8000 25.0 152.0 2.1297973580658436E-4
8000 25.0 152.0 1.0232615750283003E-4












8000 25.0 149.0 2.2270879709200623E-4
8000 25.0 152.0 7.224187138490379E-4
8000 25.0 156.0 2.741270582191646E-4
8000 25.0 154.0 4.11496264860034E-4












8000 25.0 147.0 6.466846680268645E-4
8000 25.0 153.0 2.302229986526072E-4
8000 25.0 151.0 2.245757495984435E-4
8000 25.0 156.0 5.572655936703086E-4












8000 25.0 155.0 2.1926173940300941E-4
8000 25.0 149.0 1.2634671312601616E-5
8000 25.0 150.0 2.615776611492038E-4
8000 25.0 159.0 5.720724584534764E-4












8000 25.0 147.0 2.1188787650316954E-4
8000 25.0 155.0 3.462241729721427E-4
8000 25.0 151.0 1.1624518083408475E-4
8000 25.0 156.0 5.523093277588487E-4












8000 25.0 149.0 5.424359114840627E-4
8000 25.0 154.0 1.6271474305540323E-4
8000 25.0 151.0 7.91749102063477E-4
8000 25.0 152.0 1.4816835755482316E-4












8000 25.0 152.0 1.2119056191295385E-4
8000 25.0 151.0 1.5860411804169416E-4
8000 25.0 153.0 8.134908857755363E-4
8000 25.0 156.0 4.593966295942664E-4












8000 25.0 139.0 3.3227955965170014E-4
8000 25.0 148.0 3.779283722784991E-5
8000 25.0 151.0 9.882281301543117E-5
8000 25.0 151.0 5.82562992349267E-4












8000 25.0 152.0 5.701289046555758E-4
8000 25.0 152.0 4.059446509927511E-4
8000 25.0 151.0 2.0582706201821566E-4
8000 25.0 151.0 5.989140481688082E-4












8000 25.0 151.0 7.08923558704555E-4
8000 25.0 157.0 5.653597181662917E-4
8000 25.0 150.0 2.378901699751926E-4
8000 25.0 151.0 6.962381885387003E-4












8000 25.0 138.0 5.922402446934332E-4
8000 25.0 150.0 3.0082633022296553E-4
8000 25.0 153.0 2.215808490291238E-5
8000 25.0 155.0 1.5547178918495774E-4












8000 25.0 149.0 6.915675476193428E-5
8000 25.0 151.0 1.854156143963337E-4
8000 25.0 153.0 8.671724935993552E-5
8000 25.0 152.0 9.762763511389494E-6












8000 25.0 152.0 2.9509561136364937E-4
8000 25.0 150.0 2.3612164659425616E-4
8000 25.0 154.0 1.1230248492211103E-4
8000 25.0 158.0 7.538060890510678E-4












8000 25.0 150.0 1.1276989243924618E-4
8000 25.0 152.0 0.001017225906252861
8000 25.0 154.0 2.8084730729460716E-5
8000 25.0 150.0 4.88690217025578E-4












8000 25.0 152.0 9.156574378721416E-4
8000 25.0 148.0 1.7154042143374681E-4
8000 25.0 157.0 1.3764749746769667E-4
8000 25.0 153.0 2.6192021323367953E-4












8000 25.0 150.0 6.082118488848209E-7
8000 25.0 152.0 1.0052265133708715E-4
8000 25.0 153.0 2.419095253571868E-4
8000 25.0 152.0 5.6526041589677334E-5












8000 25.0 151.0 2.6509049348533154E-4
8000 25.0 153.0 3.605062374845147E-5
8000 25.0 150.0 1.24635873362422E-4
8000 25.0 150.0 6.703280378133059E-4












8000 25.0 149.0 4.1320512536913157E-4
8000 25.0 148.0 1.1305790394544601E-4
8000 25.0 151.0 6.472822860814631E-4
8000 25.0 152.0 3.55937285348773E-4












8000 25.0 152.0 4.7193228965625167E-4
8000 25.0 149.0 2.418801886960864E-4
8000 25.0 149.0 1.4649785589426756E-4
8000 25.0 153.0 1.0452501010149717E-4
