


0 NaN 0
1 272693.2931734596 8000
2 246032.3959250558 8000
3 221034.89489413326 8000
4 197956.040980004 8000
5 178919.86635824008 8000
6 161840.245280745 8000
7 146084.2691470173 8000
8 132699.25991282242 8000
9 119727.07921133938 8000
10 109332.7172285933 8000
11 99118.29119947976 8000
12 89897.52356288471 8000
13 81626.56094400809 8000
14 74392.95233703255 8000
15 68185.68783826286 8000
16 62630.4982730745 8000
17 56752.38322078386 8000
18 51418.25010058405 8000
19 46602.01233006195 8000
20 42350.694432203716 8000
21 38075.03466228487 8000
22 34337.748984504 8000
23 31091.462599085822 8000
24 28157.004253757787 8000
25 25123.738099353424 8000
26 22958.269986602834 8000
27 21058.3891877938 8000
28 19315.733883664878 8000
29 17622.890318514255 8000
30 16114.303052535714 8000
31 14697.945964567494 8000
32 13410.231709679247 8000
33 12430.523839606218 8000
34 11068.11749567716 8000
35 9920.67839667116 8000
36 9148.159146371088 8000
37 8483.814312033659 8000
38 7632.880082821612 8000
39 6991.070493251353 8000
40 6433.961308336852 8000
41 5930.57141128608 8000
42 5485.647642561701 8000
43 5009.010571893482 8000
44 4644.039035745033 8000
45 4277.466298824391 8000
46 4012.42837321029 8000
47 3729.8267192425765 8000
48 3114.857802860504 8000
49 2895.8043599873236 8000
50 2598.2312152503973 8000
51 2311.066440564326 8000
52 2057.0933690236793 8000
53 1876.2175492158508 8000
54 1677.969702044316 8000
55 1512.006787871107 8000
56 1389.3475420901143 8000
57 1271.2046241168214 8000
58 1163.1128372995936 8000
59 1062.2450386618834 8000
60 976.9046499028533 8000
61 889.434818605792 8000
62 826.6732844786521 8000
63 756.4630000770156 8000
64 699.2518483640788 8000
65 633.0374788459186 8000
66 572.5504459044199 8000
67 524.5497114391469 8000
68 484.25145443358866 8000
69 432.54834679643335 8000
70 398.28819039838646 8000
71 363.3455724178286 8000
72 332.82950313222506 8000
73 308.7445431286286 8000
74 288.70872514004253 8000
75 261.60710060979784 8000
76 227.44300180856092 8000
77 208.59083998975453 8000
78 192.24583258709072 8000
79 168.0023871606837 8000
80 150.4985843019019 8000
81 136.6380182912482 8000
82 123.84152215354901 8000
83 115.59858670067351 8000
84 107.3751002790572 8000
85 92.09548714997248 8000
86 86.09407448126694 8000
87 77.70636029287583 8000
88 72.64257150370945 8000
89 66.18923693096541 8000
90 60.71349360485064 8000
91 56.59524979038128 8000
92 53.16048505308657 8000
93 49.74890889407361 8000
94 40.502671739613724 8000
95 36.84194066038743 8000
96 33.73360189200222 8000
97 28.968408539493122 8000
98 26.15001786794613 8000
99 24.1655474245451 8000
