


0 NaN 0
1 301244.87374723237 8000
2 239523.91300222467 8000
3 189560.9751157095 8000
4 144792.29275526621 8000
5 110019.60541138351 8000
6 84903.1570813911 8000
7 62596.4560357072 8000
8 46553.55407251709 8000
9 34702.246615682394 8000
10 25504.531274527886 8000
11 18883.301632577426 8000
12 13503.858346187235 8000
13 8830.47103914728 8000
14 6685.5480492081215 8000
15 4957.743100325397 8000
16 3416.6699890834075 8000
17 2397.028498237339 8000
18 1731.3666974610514 8000
19 1300.4488905890587 8000
20 1011.4863370457006 8000
21 625.8748183900261 8000
22 467.5992297711054 8000
23 348.5578838902746 8000
24 232.35863805637032 8000
25 165.17291248333996 8000
26 118.50148532522745 8000
27 87.50180445479829 8000
28 61.476487039157796 8000
29 44.70561472542102 8000
30 33.261589284228435 8000
31 24.58196056763275 8000
32 16.351709760734522 8000
33 11.91570769183399 8000
34 8.361291489376466 8000
35 6.1826795618610335 8000
36 4.48750734912747 8000
37 3.0917194565775468 8000
38 2.274509030583441 8000
39 1.6201761279683409 8000
40 1.224303057760565 8000
41 0.8674915432745574 8000
42 0.616208451971652 8000
43 0.4788983990766498 8000
44 0.30790884856409073 8000
45 0.22189289497452014 8000
46 0.1712000930452264 8000
47 0.11840700115634002 8000
48 0.08994357118035681 8000
49 0.06215857316590333 8000
50 0.04325554471371724 8000
51 0.03150449768251143 8000
52 0.022500434730796603 8000
53 0.01599472214466542 8000
54 0.011004613580409639 8000
55 0.008104327590026798 8000
56 0.005993075562945781 8000
57 0.004381411407566993 8000
58 0.0031050206374687275 8000
59 0.002236762453023077 8000
60 0.0016027817669102733 8000
61 0.0011842552590877917 8000
62 8.626100532292345E-4 8000
63 6.070789842831305E-4 8000
64 4.5521591054196553E-4 8000
65 3.205601476815274E-4 8000
66 2.4025433145124044E-4 8000
67 1.721421697971182E-4 8000
68 1.2654614551277919E-4 8000
69 9.321966801234327E-5 8000
70 6.0042262930658466E-5 8000
71 4.4028513809835186E-5 8000
72 3.211282293149831E-5 8000
73 2.3919552381139655E-5 8000
74 1.7017887021191544E-5 8000
75 1.2571079562802737E-5 8000
76 9.651600878826352E-6 8000
77 7.66935980221727E-6 8000
78 4.494554940569459E-6 8000
79 3.2631157041361503E-6 8000
80 2.389469697730966E-6 8000
81 1.7554299120402409E-6 8000
82 1.214433722947821E-6 8000
83 9.073276209123661E-7 8000
84 6.689889291017403E-7 8000
85 4.7657176218105226E-7 8000
86 3.431662167014529E-7 8000
87 2.527713550949733E-7 8000
88 1.7543480223210898E-7 8000
89 1.3237234783719964E-7 8000
90 1.0079765317199488E-7 8000
91 7.963470964719044E-8 8000
92 6.339453176589886E-8 8000
93 5.7810799905580824E-8 8000
94 5.30671611561148E-8 8000
95 5.0247276325137655E-8 8000
96 4.807712039314353E-8 8000
97 4.609866278232529E-8 8000
98 4.46831353019008E-8 8000
99 4.350655631686346E-8 8000
