


0 NaN 0
1 0.6997833865461057 1000
2 0.4844316483027188 1000
3 0.34655604662884826 1000
4 0.23697219909863146 1000
5 0.16241952515150437 1000
6 0.11138244726682746 1000
7 0.07795350419072929 1000
8 0.0536365528107591 1000
9 0.03823445517869818 1000
10 0.02674991169377356 1000
11 0.01865369797325931 1000
12 0.01301214968208954 1000
13 0.009022295424669301 1000
14 0.005984137704010229 1000
15 0.004179431338289637 1000
16 0.002882865960571325 1000
17 0.002024214418374679 1000
18 0.001334628307293522 1000
19 9.319247459035315E-4 1000
20 6.481379377541493E-4 1000
21 4.677154890924245E-4 1000
22 3.127885114562289E-4 1000
23 2.1607227156501027E-4 1000
24 1.513445210055424E-4 1000
25 1.0597709760504586E-4 1000
26 7.439931996444728E-5 1000
27 5.0439913794165976E-5 1000
28 3.350741057998302E-5 1000
29 2.3132793444879384E-5 1000
30 1.590823173235525E-5 1000
31 1.096467271271833E-5 1000
32 7.36760024622101E-6 1000
33 5.055061219357101E-6 1000
34 3.5174349781320554E-6 1000
35 2.4068746638180613E-6 1000
36 1.6800934718859233E-6 1000
37 1.1397932242351053E-6 1000
38 8.060846446621572E-7 1000
39 5.642288083616426E-7 1000
40 3.987507774403731E-7 1000
41 2.7539891595246036E-7 1000
42 1.9398780759765222E-7 1000
43 1.3686558283805683E-7 1000
44 9.374656145544605E-8 1000
45 6.476713571868158E-8 1000
46 4.382532750984592E-8 1000
47 3.069564986264754E-8 1000
48 2.062478412217314E-8 1000
49 1.4187191875618492E-8 1000
50 9.497690525716634E-9 1000
51 6.583371710651397E-9 1000
52 4.5678440356921245E-9 1000
53 3.020275678083048E-9 1000
54 2.0974229500119595E-9 1000
55 1.4603131547289577E-9 1000
56 9.725217812623233E-10 1000
57 6.559459706390523E-10 1000
58 4.58592755584797E-10 1000
59 3.0834744082842913E-10 1000
60 2.0598771878525687E-10 1000
61 1.3733392396422606E-10 1000
62 9.433217892381064E-11 1000
63 6.683363429479894E-11 1000
64 4.558139872581983E-11 1000
65 3.1822323462744845E-11 1000
66 2.1893085946015042E-11 1000
67 1.502068061188488E-11 1000
68 1.0231084997971216E-11 1000
69 6.989026566851261E-12 1000
70 4.920286161724836E-12 1000
71 3.3272439983646128E-12 1000
72 2.2422332747518802E-12 1000
73 1.5367929131254512E-12 1000
74 1.091738686606245E-12 1000
75 7.75009548332876E-13 1000
76 5.233685129185155E-13 1000
77 3.711805504445567E-13 1000
78 2.492991097168599E-13 1000
79 1.725685837140747E-13 1000
80 1.1944111473687735E-13 1000
81 8.101459583483721E-14 1000
82 5.8070557623429E-14 1000
83 4.4561104950556563E-14 1000
84 3.8300224104132614E-14 1000
85 3.4073017748921054E-14 1000
86 3.130879637091018E-14 1000
87 2.719281200429046E-14 1000
88 2.461227980027352E-14 1000
89 2.236550276484998E-14 1000
90 1.947938991245649E-14 1000
91 1.887494601525728E-14 1000
92 1.838140977874946E-14 1000
93 1.8338701425529752E-14 1000
94 1.831357351441497E-14 1000
95 1.8329396815858913E-14 1000
96 1.8336964564960863E-14 1000
97 1.835864471249296E-14 1000
98 1.8408127176391728E-14 1000
99 1.847663031024961E-14 1000
