


0 NaN 0
1 27796.624045122317 1000
2 18390.37808439431 1000
3 12286.316437475221 1000
4 8338.692362175718 1000
5 5859.683659382867 1000
6 4012.9791906979976 1000
7 2769.8498535523217 1000
8 1914.6422686446779 1000
9 1324.311151785982 1000
10 896.7793290896719 1000
11 630.0391278312045 1000
12 452.6357244575179 1000
13 315.9287725596948 1000
14 214.5341640703056 1000
15 143.6210861728108 1000
16 103.42188888897441 1000
17 71.63300456632483 1000
18 49.8357879396752 1000
19 34.59343698183112 1000
20 24.29457976415329 1000
21 17.161061784911787 1000
22 12.207216609423234 1000
23 8.468150420810309 1000
24 5.85637858792146 1000
25 3.976331061340588 1000
26 2.760614246996257 1000
27 1.8824919400564117 1000
28 1.297086792684502 1000
29 0.8799716097523965 1000
30 0.584216778408047 1000
31 0.40586849172138495 1000
32 0.2829489599185531 1000
33 0.19740827753867382 1000
34 0.1356979039663712 1000
35 0.09280787018829596 1000
36 0.0642709294288037 1000
37 0.04474632662574123 1000
38 0.031392430140256285 1000
39 0.021811662342303764 1000
40 0.01459868846106198 1000
41 0.010312523889679761 1000
42 0.007127759949884738 1000
43 0.005139242608102127 1000
44 0.0035655413551499973 1000
45 0.0024980828063934746 1000
46 0.0017389520957387676 1000
47 0.0012709312009212884 1000
48 8.957995075216773E-4 1000
49 6.313602965466215E-4 1000
50 4.4343289889749773E-4 1000
51 3.058215338355311E-4 1000
52 2.0829607221220988E-4 1000
53 1.4589779367703444E-4 1000
54 9.755603581767017E-5 1000
55 6.661856119793649E-5 1000
56 4.6742980646960175E-5 1000
57 3.2754995250125E-5 1000
58 2.3509136394648866E-5 1000
59 1.635455784745243E-5 1000
60 1.1249740637347076E-5 1000
61 7.842116516324926E-6 1000
62 5.415831813241078E-6 1000
63 3.791000999155316E-6 1000
64 2.6426602762696115E-6 1000
65 1.79728149421534E-6 1000
66 1.2072214324824902E-6 1000
67 8.532412052418425E-7 1000
68 5.929216963467156E-7 1000
69 4.00625854396866E-7 1000
70 2.720813989666305E-7 1000
71 1.8746389117653227E-7 1000
72 1.276651434740709E-7 1000
73 8.751990118212662E-8 1000
74 6.326192443255932E-8 1000
75 4.3885560442025175E-8 1000
76 2.973928296321235E-8 1000
77 2.0367131715881947E-8 1000
78 1.4209118918909228E-8 1000
79 9.565789797015617E-9 1000
80 6.613458001192252E-9 1000
81 4.489852791860618E-9 1000
82 3.2406491507387613E-9 1000
83 2.264240039565246E-9 1000
84 1.635594295344041E-9 1000
85 1.2179614018310011E-9 1000
86 1.029367450270031E-9 1000
87 1.1538769568492654E-9 1000
88 1.3119359051646482E-9 1000
89 1.5569030109090223E-9 1000
90 1.7650761757365236E-9 1000
91 1.8895849915689078E-9 1000
92 1.9315713683169735E-9 1000
93 1.930563056967294E-9 1000
94 1.930491210453101E-9 1000
95 1.929862795971709E-9 1000
96 1.9298878684498657E-9 1000
97 1.9298798035963674E-9 1000
98 1.930825465983411E-9 1000
99 1.9323522696491607E-9 1000
