


0 NaN 0
1 17.809532379409692 1000
2 12.039163714123607 1000
3 8.34540062806217 1000
4 5.6692700492477694 1000
5 3.8057185904955695 1000
6 2.5587107767890505 1000
7 1.7688379043650646 1000
8 1.2801485334303018 1000
9 0.8515778382680267 1000
10 0.5681468595396587 1000
11 0.40131467898460077 1000
12 0.27537682587984913 1000
13 0.18526573440864283 1000
14 0.12671593232569556 1000
15 0.0864821925218775 1000
16 0.05940123667384279 1000
17 0.038972653251464685 1000
18 0.02653862331737126 1000
19 0.018178398650835273 1000
20 0.012315622179337763 1000
21 0.00847113046461227 1000
22 0.005992158853115796 1000
23 0.004183992690427144 1000
24 0.0028159044990335716 1000
25 0.0019146764341669762 1000
26 0.0013340739857440839 1000
27 9.02189417985287E-4 1000
28 6.189043949983333E-4 1000
29 4.2597758563299334E-4 1000
30 2.8842641076618815E-4 1000
31 1.9735879447520225E-4 1000
32 1.3441229836860124E-4 1000
33 9.567787202653438E-5 1000
34 6.458677003486603E-5 1000
35 4.3797981671765064E-5 1000
36 3.066161706964081E-5 1000
37 2.2344485563455764E-5 1000
38 1.4563202535161074E-5 1000
39 9.928486521951304E-6 1000
40 6.8501346394954845E-6 1000
41 4.771061424680971E-6 1000
42 3.302050317878022E-6 1000
43 2.2881306015699936E-6 1000
44 1.5267160343170257E-6 1000
45 1.0597903135929598E-6 1000
46 7.111887348703216E-7 1000
47 4.832952741568834E-7 1000
48 3.310092360366354E-7 1000
49 2.2095250283640141E-7 1000
50 1.5212694000339233E-7 1000
51 1.0722803007794964E-7 1000
52 7.561987328599099E-8 1000
53 5.591942063347368E-8 1000
54 3.7574387124015586E-8 1000
55 2.6590683642557726E-8 1000
56 1.862091143478786E-8 1000
57 1.2848411082060516E-8 1000
58 8.836598300764167E-9 1000
59 6.0330886884005334E-9 1000
60 4.241928782847099E-9 1000
61 3.0041956044536842E-9 1000
62 2.0816730112792293E-9 1000
63 1.4343660184105776E-9 1000
64 9.983907820044285E-10 1000
65 6.860788082649876E-10 1000
66 4.869056978985606E-10 1000
67 3.277094164534083E-10 1000
68 2.1946211205494766E-10 1000
69 1.475370718181693E-10 1000
70 1.0013418319474643E-10 1000
71 6.820319184503933E-11 1000
72 4.635306397172337E-11 1000
73 3.128947279450974E-11 1000
74 2.2601132339775392E-11 1000
75 1.5847355529090453E-11 1000
76 1.1878044112274396E-11 1000
77 1.0284756919509774E-11 1000
78 1.0767670453077507E-11 1000
79 1.04782315810154E-11 1000
80 1.0419611101326888E-11 1000
81 1.049914780739654E-11 1000
82 1.0566295304113089E-11 1000
83 1.052267707565295E-11 1000
84 1.0501821249937393E-11 1000
85 1.0494217016181665E-11 1000
86 1.049070821172253E-11 1000
87 1.0485573153533936E-11 1000
88 1.0485982990719751E-11 1000
89 1.0484390390691874E-11 1000
90 1.0476050560041456E-11 1000
91 1.046736329625921E-11 1000
92 1.0459777877490837E-11 1000
93 1.045907970802194E-11 1000
94 1.0458962929995013E-11 1000
95 1.0459189070388675E-11 1000
96 1.0459189070388675E-11 1000
97 1.0459189070388675E-11 1000
98 1.0459189070388675E-11 1000
99 1.0459189070388675E-11 1000
