


0 NaN 0
1 0.028985850830936254 1000
2 0.018816154307851517 1000
3 0.012687967605543922 1000
4 0.008895443364386234 1000
5 0.006100349955221353 1000
6 0.004168701719070809 1000
7 0.0029236375562160188 1000
8 0.0020346350310094566 1000
9 0.0013669791141360682 1000
10 9.697543987210554E-4 1000
11 6.585758438605765E-4 1000
12 4.4169425816536513E-4 1000
13 3.1066957656277914E-4 1000
14 2.113125297973097E-4 1000
15 1.489953875501995E-4 1000
16 1.0028909128923645E-4 1000
17 6.867862105677327E-5 1000
18 4.7605995384490316E-5 1000
19 3.3712558040498215E-5 1000
20 2.2997250419309628E-5 1000
21 1.5609800310154725E-5 1000
22 1.110182535075439E-5 1000
23 7.893830111694875E-6 1000
24 5.636815600374479E-6 1000
25 4.264647895162268E-6 1000
26 2.8658508642658773E-6 1000
27 2.2735381476944263E-6 1000
28 1.6862424634714463E-6 1000
29 1.1163287236903794E-6 1000
30 8.929720388886277E-7 1000
31 6.100815911034453E-7 1000
32 4.1008437721649715E-7 1000
33 2.9532440148750463E-7 1000
34 2.0886569085262553E-7 1000
35 1.439606128364118E-7 1000
36 1.012759792070651E-7 1000
37 6.813747326744231E-8 1000
38 4.630795193024145E-8 1000
39 3.1989562810108845E-8 1000
40 2.1892406388291304E-8 1000
41 1.4797373166372342E-8 1000
42 9.992570632254468E-9 1000
43 6.838782719779526E-9 1000
44 4.626591153144847E-9 1000
45 3.1346945362659475E-9 1000
46 2.234135949748062E-9 1000
47 1.5860961193034988E-9 1000
48 1.0705828720777114E-9 1000
49 7.090729061154555E-10 1000
50 4.967784104057066E-10 1000
51 3.3714267416135297E-10 1000
52 2.374390254247045E-10 1000
53 1.6477124745398065E-10 1000
54 1.1415512646142562E-10 1000
55 7.891097742056295E-11 1000
56 5.203637684978274E-11 1000
57 3.7445442136098633E-11 1000
58 2.6016883146317957E-11 1000
59 1.8483268949558107E-11 1000
60 1.2519236869642654E-11 1000
61 8.739121717003635E-12 1000
62 6.084797386239157E-12 1000
63 4.173181899412173E-12 1000
64 2.885791773954714E-12 1000
65 1.946067379140733E-12 1000
66 1.3745380596703165E-12 1000
67 9.191640558334075E-13 1000
68 6.335584396260101E-13 1000
69 4.403054245067549E-13 1000
70 3.080247532456239E-13 1000
71 2.1300926242996523E-13 1000
72 1.5203622645948746E-13 1000
73 1.0657401489191372E-13 1000
74 7.723895739804754E-14 1000
75 5.2560144080289636E-14 1000
76 3.7137346184726824E-14 1000
77 2.7835480293326503E-14 1000
78 2.1680092248928752E-14 1000
79 1.8391969943833993E-14 1000
80 1.6899907488550836E-14 1000
81 1.6396345218409063E-14 1000
82 1.5656107785243473E-14 1000
83 1.5560208640714032E-14 1000
84 1.557152878215709E-14 1000
85 1.550185806244865E-14 1000
86 1.5589140424360684E-14 1000
87 1.557914247717587E-14 1000
88 1.55624767966305E-14 1000
89 1.556162607041035E-14 1000
90 1.555802566207939E-14 1000
91 1.5559207854281695E-14 1000
92 1.555829168381052E-14 1000
93 1.5555197041020943E-14 1000
94 1.5434974682585044E-14 1000
95 1.5425353446301478E-14 1000
96 1.541919937327543E-14 1000
97 1.5418506636257615E-14 1000
98 1.5418730883055243E-14 1000
99 1.5418730883055243E-14 1000
