


0 NaN 0
1 0.3943481153581536 1000
2 0.27723096741905034 1000
3 0.18164996021765273 1000
4 0.12254021932322463 1000
5 0.08676067101485266 1000
6 0.0597329623944249 1000
7 0.041815485978295604 1000
8 0.029283402920367557 1000
9 0.020202516235737905 1000
10 0.01349280151157719 1000
11 0.009530676402268769 1000
12 0.006449900007100395 1000
13 0.0042604151180858 1000
14 0.0029909274904004607 1000
15 0.0020182563091451057 1000
16 0.0013900428427974167 1000
17 9.66062001185318E-4 1000
18 6.475548000264691E-4 1000
19 4.40744954069913E-4 1000
20 3.081012819232535E-4 1000
21 2.1416318101391305E-4 1000
22 1.4640033868660115E-4 1000
23 1.0024040910685175E-4 1000
24 6.66281003361309E-5 1000
25 4.6286326488038967E-5 1000
26 3.206783243714373E-5 1000
27 2.163678181547122E-5 1000
28 1.523481885806759E-5 1000
29 1.0836130540321866E-5 1000
30 7.563379298149233E-6 1000
31 5.245133430382369E-6 1000
32 3.6141042090329464E-6 1000
33 2.4747399559604146E-6 1000
34 1.6803384070904872E-6 1000
35 1.1444622113747056E-6 1000
36 7.65575342331663E-7 1000
37 5.15889921442013E-7 1000
38 3.487239876379169E-7 1000
39 2.50196039695524E-7 1000
40 1.6943375937397352E-7 1000
41 1.1923108369636657E-7 1000
42 8.182894191686669E-8 1000
43 5.896846581568412E-8 1000
44 4.145086014780047E-8 1000
45 2.7781867972412578E-8 1000
46 1.8992155514028673E-8 1000
47 1.3024213321281307E-8 1000
48 9.086300569021435E-9 1000
49 6.182943662708505E-9 1000
50 4.281479101166802E-9 1000
51 2.960403832899524E-9 1000
52 2.0365602826019387E-9 1000
53 1.4063229827309126E-9 1000
54 9.838662006991215E-10 1000
55 6.83458853357769E-10 1000
56 4.663284140774555E-10 1000
57 3.186468699772192E-10 1000
58 2.343367975225827E-10 1000
59 1.6476089582392254E-10 1000
60 1.1254214362374661E-10 1000
61 8.138484108776892E-11 1000
62 5.905495414407156E-11 1000
63 4.144707096931582E-11 1000
64 2.8658237344523014E-11 1000
65 1.9787978379027562E-11 1000
66 1.3665778730876425E-11 1000
67 9.64471507962137E-12 1000
68 6.639440589130066E-12 1000
69 4.525845362013356E-12 1000
70 3.1469197721830077E-12 1000
71 2.2148374855466865E-12 1000
72 1.5021371554129226E-12 1000
73 1.0174058441282076E-12 1000
74 6.831448076137982E-13 1000
75 4.66135534921656E-13 1000
76 3.388606078049474E-13 1000
77 2.332922747502239E-13 1000
78 1.589001822123814E-13 1000
79 1.0998948801292365E-13 1000
80 7.444567992332052E-14 1000
81 5.1278296851626043E-14 1000
82 3.4517706592964134E-14 1000
83 2.4447043246645243E-14 1000
84 1.732097874518276E-14 1000
85 1.2305294728966841E-14 1000
86 8.861963890373064E-15 1000
87 6.6230174731987234E-15 1000
88 5.0974530804531764E-15 1000
89 4.35375674033251E-15 1000
90 3.848604322006919E-15 1000
91 3.598558395978773E-15 1000
92 3.4772415724005793E-15 1000
93 3.4252052508132627E-15 1000
94 3.3916057602854464E-15 1000
95 3.3783449054670836E-15 1000
96 3.369263756724209E-15 1000
97 3.367419562598884E-15 1000
98 3.3662420102011217E-15 1000
99 3.475930413986401E-15 1000
