


0 NaN 0
1 0.34816717772090405 1000
2 0.24108643778217861 1000
3 0.17247034754017077 1000
4 0.11797443969158823 1000
5 0.08094012137339494 1000
6 0.05552918069427997 1000
7 0.03885262494483464 1000
8 0.026721958142261595 1000
9 0.01904603782422809 1000
10 0.01332802920927261 1000
11 0.009293380831637691 1000
12 0.006483423032627876 1000
13 0.0044955908880466725 1000
14 0.0029816794976577077 1000
15 0.0020824621203590498 1000
16 0.001436401241560851 1000
17 0.0010085689288048061 1000
18 6.649857538665773E-4 1000
19 4.6433459826001076E-4 1000
20 3.229378296300734E-4 1000
21 2.3304145705267006E-4 1000
22 1.5584837797799516E-4 1000
23 1.0765930928829477E-4 1000
24 7.540835658485776E-5 1000
25 5.280372879650016E-5 1000
26 3.706992838610578E-5 1000
27 2.5131994676045076E-5 1000
28 1.669526959876033E-5 1000
29 1.1526056344741294E-5 1000
30 7.92637414624048E-6 1000
31 5.4632149771468815E-6 1000
32 3.670951816750729E-6 1000
33 2.5187150454312596E-6 1000
34 1.7525834433286383E-6 1000
35 1.19923999546525E-6 1000
36 8.371168269939681E-7 1000
37 5.679089307715936E-7 1000
38 4.01636595157476E-7 1000
39 2.811304478001484E-7 1000
40 1.9868000919434955E-7 1000
41 1.3721919080801703E-7 1000
42 9.665560914755702E-8 1000
43 6.819411200218851E-8 1000
44 4.670979643439697E-8 1000
45 3.227062069256346E-8 1000
46 2.1836236925202147E-8 1000
47 1.5294294901671948E-8 1000
48 1.0276424575148672E-8 1000
49 7.06885494571137E-9 1000
50 4.732282275137549E-9 1000
51 3.280205137248307E-9 1000
52 2.2759561712604166E-9 1000
53 1.5048707912752499E-9 1000
54 1.0450537867549315E-9 1000
55 7.276099425643375E-10 1000
56 4.845649134352629E-10 1000
57 3.268290835272413E-10 1000
58 2.2849663955436263E-10 1000
59 1.5363599443371747E-10 1000
60 1.0263463815910163E-10 1000
61 6.842746585159881E-11 1000
62 4.7001583918193656E-11 1000
63 3.3300266215645516E-11 1000
64 2.2711210127461794E-11 1000
65 1.585566689723233E-11 1000
66 1.0908363700055859E-11 1000
67 7.484145795657538E-12 1000
68 5.097700547070687E-12 1000
69 3.4823251454165492E-12 1000
70 2.4515626117214227E-12 1000
71 1.6578196304756397E-12 1000
72 1.1172064149237123E-12 1000
73 7.657164489912541E-13 1000
74 5.439654641784952E-13 1000
75 3.861532378340185E-13 1000
76 2.6077155601321117E-13 1000
77 1.8494297481044184E-13 1000
78 1.2421480304776305E-13 1000
79 8.598335013157694E-14 1000
80 5.951226444288852E-14 1000
81 4.0366016858414065E-14 1000
82 2.893400977749312E-14 1000
83 2.220284252643552E-14 1000
84 1.9083320430559093E-14 1000
85 1.6977089062740696E-14 1000
86 1.5599798889342176E-14 1000
87 1.3548984556198364E-14 1000
88 1.2263218634914413E-14 1000
89 1.1143748263502608E-14 1000
90 9.705724919011611E-15 1000
91 9.404557057925811E-15 1000
92 9.158649615719629E-15 1000
93 9.137369918051611E-15 1000
94 9.124849782967017E-15 1000
95 9.132733839491154E-15 1000
96 9.136504516671995E-15 1000
97 9.14730678250762E-15 1000
98 9.171961722168191E-15 1000
99 9.206093826731163E-15 1000
