


0 NaN 0
1 0.38483586159937044 1000
2 0.2647220357879961 1000
3 0.18030362125677804 1000
4 0.12023351153722986 1000
5 0.08415703213887514 1000
6 0.05863649801124615 1000
7 0.039835569992328006 1000
8 0.026857617819514686 1000
9 0.018118339701464495 1000
10 0.012383223144169467 1000
11 0.008495482704217764 1000
12 0.0059857050970063075 1000
13 0.00416555513076374 1000
14 0.0028802615421540455 1000
15 0.0019579532811607957 1000
16 0.001366343002548583 1000
17 9.288895901915327E-4 1000
18 6.185085755215998E-4 1000
19 4.3741749185065683E-4 1000
20 3.1219572209699453E-4 1000
21 2.1334742841390322E-4 1000
22 1.4660374829996993E-4 1000
23 9.697588302861373E-5 1000
24 6.691993047894811E-5 1000
25 4.6368081854331446E-5 1000
26 3.154152090560992E-5 1000
27 2.2727066188264892E-5 1000
28 1.5316216094145396E-5 1000
29 1.1116509309008404E-5 1000
30 7.71284597280861E-6 1000
31 5.219149996389039E-6 1000
32 3.6054119731871815E-6 1000
33 2.5620584725156856E-6 1000
34 1.7211513687754827E-6 1000
35 1.2122864787654828E-6 1000
36 8.305371360237562E-7 1000
37 5.763639180582801E-7 1000
38 4.051662789573351E-7 1000
39 2.799730491006827E-7 1000
40 1.973136998980918E-7 1000
41 1.339594583145758E-7 1000
42 9.221388222132583E-8 1000
43 6.756731986859948E-8 1000
44 4.626005487343618E-8 1000
45 3.267964442497722E-8 1000
46 2.2666976262872803E-8 1000
47 1.5258220027067762E-8 1000
48 1.1068333708067748E-8 1000
49 7.376465100147196E-9 1000
50 5.223167918451149E-9 1000
51 3.5429632893571768E-9 1000
52 2.419157170691023E-9 1000
53 1.669687091994806E-9 1000
54 1.1509782298891932E-9 1000
55 8.17581108688476E-10 1000
56 5.455366970858092E-10 1000
57 3.8056105423439324E-10 1000
58 2.7457072858267845E-10 1000
59 1.948239025062415E-10 1000
60 1.3469256282051806E-10 1000
61 9.237396538613317E-11 1000
62 6.374437818191826E-11 1000
63 4.4405145489379263E-11 1000
64 2.9846326900555033E-11 1000
65 2.0214354239661133E-11 1000
66 1.4110483669713772E-11 1000
67 9.943442670201024E-12 1000
68 7.0289906953277256E-12 1000
69 4.963062913933873E-12 1000
70 3.3902052830730365E-12 1000
71 2.3982055767332326E-12 1000
72 1.621948633697909E-12 1000
73 1.1435531460807067E-12 1000
74 8.203429667643438E-13 1000
75 5.597549585927813E-13 1000
76 3.78190043482725E-13 1000
77 2.67527950264813E-13 1000
78 1.8642641128745278E-13 1000
79 1.2983803207756848E-13 1000
80 8.525173858464566E-14 1000
81 6.023758291026058E-14 1000
82 4.1996488099259666E-14 1000
83 2.851535596891769E-14 1000
84 1.8889078356113217E-14 1000
85 1.427192711729278E-14 1000
86 1.2245632012465693E-14 1000
87 1.2026419372992512E-14 1000
88 1.6363684534551677E-14 1000
89 1.921984540978502E-14 1000
90 2.3315636032054696E-14 1000
91 2.3716344376913895E-14 1000
92 2.382108422822771E-14 1000
93 2.3817357652421516E-14 1000
94 2.380929863693791E-14 1000
95 2.379819879340475E-14 1000
96 2.3798262792231598E-14 1000
97 2.3792854008133304E-14 1000
98 2.3790818464005435E-14 1000
99 2.3783708835120853E-14 1000
