


0 NaN 0
1 0.02382736298399024 1000
2 0.016108815686511804 1000
3 0.011166242718178248 1000
4 0.007585548936872182 1000
5 0.005091928517334279 1000
6 0.0034235337225698857 1000
7 0.0023666606472323866 1000
8 0.0017128059977063927 1000
9 0.0011393936437456987 1000
10 7.601598209310322E-4 1000
11 5.369466035874342E-4 1000
12 3.684441660635822E-4 1000
13 2.478794815039201E-4 1000
14 1.6954176806851905E-4 1000
15 1.1571023213733483E-4 1000
16 7.947686466954436E-5 1000
17 5.2144134571221294E-5 1000
18 3.5507792402595834E-5 1000
19 2.4322088330981525E-5 1000
20 1.6477887071054187E-5 1000
21 1.1334086658288698E-5 1000
22 8.017306341543718E-6 1000
23 5.598041100964558E-6 1000
24 3.7675852524334556E-6 1000
25 2.5617724639183645E-6 1000
26 1.7849460240558238E-6 1000
27 1.2070990072348413E-6 1000
28 8.280732025937712E-7 1000
29 5.699436393371716E-7 1000
30 3.8590480564703486E-7 1000
31 2.6405940898447227E-7 1000
32 1.798391209351414E-7 1000
33 1.2801376489444312E-7 1000
34 8.641491944760268E-8 1000
35 5.860022193722847E-8 1000
36 4.102420923218515E-8 1000
37 2.98961678674928E-8 1000
38 1.9485073690639354E-8 1000
39 1.3283980023995985E-8 1000
40 9.165249054854469E-9 1000
41 6.383519232462813E-9 1000
42 4.418031928967111E-9 1000
43 3.0614415537041357E-9 1000
44 2.0426945494463257E-9 1000
45 1.4179636870587718E-9 1000
46 9.51546534964981E-10 1000
47 6.466327726207117E-10 1000
48 4.4287919106055017E-10 1000
49 2.956269948560302E-10 1000
50 2.0354071364885838E-10 1000
51 1.4346748685503143E-10 1000
52 1.0117683938386266E-10 1000
53 7.481829833901671E-11 1000
54 5.027326238190555E-11 1000
55 3.5577437664225685E-11 1000
56 2.4914151314330972E-11 1000
57 1.7190740580462445E-11 1000
58 1.182307041952528E-11 1000
59 8.072069135929078E-12 1000
60 5.6755576079398695E-12 1000
61 4.019512370774112E-12 1000
62 2.7852082628505245E-12 1000
63 1.9191333436052255E-12 1000
64 1.3358131851282867E-12 1000
65 9.179503002596847E-13 1000
66 6.514633977901619E-13 1000
67 4.384641437797412E-13 1000
68 2.9363290226952227E-13 1000
69 1.9739962485856906E-13 1000
70 1.3397615903969676E-13 1000
71 9.125356982115303E-14 1000
72 6.201883585123869E-14 1000
73 4.186425903362673E-14 1000
74 3.023955261053984E-14 1000
75 2.1203227079755352E-14 1000
76 1.5892422310686883E-14 1000
77 1.3760657797078243E-14 1000
78 1.4406779813671298E-14 1000
79 1.401952036721188E-14 1000
80 1.394108814297875E-14 1000
81 1.404750557249087E-14 1000
82 1.4137346657844483E-14 1000
83 1.4078986939646754E-14 1000
84 1.405108254842066E-14 1000
85 1.404090834018798E-14 1000
86 1.4036213678192866E-14 1000
87 1.4029343143570188E-14 1000
88 1.4029891491898754E-14 1000
89 1.4027760646788582E-14 1000
90 1.4016602234726526E-14 1000
91 1.4004978968854905E-14 1000
92 1.3994829934440577E-14 1000
93 1.3993895807244275E-14 1000
94 1.399373956218381E-14 1000
95 1.3994042130401574E-14 1000
96 1.3994042130401574E-14 1000
97 1.3994042130401574E-14 1000
98 1.3994042130401574E-14 1000
99 1.3994042130401574E-14 1000
