


0 NaN 0
1 0.34441603557228695 1000
2 0.2278398092976555 1000
3 0.15191261437610248 1000
4 0.10315292702778797 1000
5 0.07250211447010217 1000
6 0.049648818849587245 1000
7 0.0342749603374433 1000
8 0.023690667023825895 1000
9 0.016385396219401945 1000
10 0.01109696029320075 1000
11 0.00779585610033475 1000
12 0.005600954792252697 1000
13 0.003909253956433601 1000
14 0.002654560155637023 1000
15 0.0017771298472321997 1000
16 0.0012797243136224118 1000
17 8.863783864067805E-4 1000
18 6.166637770544187E-4 1000
19 4.280569431003785E-4 1000
20 3.0061858445989904E-4 1000
21 2.123487006809683E-4 1000
22 1.510507884284122E-4 1000
23 1.047839786287135E-4 1000
24 7.246620121749916E-5 1000
25 4.920268133416073E-5 1000
26 3.415951422261481E-5 1000
27 2.3293737537717536E-5 1000
28 1.6050001068900814E-5 1000
29 1.0888667062214317E-5 1000
30 7.2290315263089036E-6 1000
31 5.022169944306547E-6 1000
32 3.5011780371664114E-6 1000
33 2.4427074149389965E-6 1000
34 1.6791103080212534E-6 1000
35 1.1483939254546483E-6 1000
36 7.952810944570173E-7 1000
37 5.536859007962573E-7 1000
38 3.8844632148698344E-7 1000
39 2.6989500202117326E-7 1000
40 1.8064249296953545E-7 1000
41 1.276059852115838E-7 1000
42 8.819808241836913E-8 1000
43 6.35923973378638E-8 1000
44 4.4119598862388356E-8 1000
45 3.0910989500976245E-8 1000
46 2.15175933476739E-8 1000
47 1.572635659054351E-8 1000
48 1.1084520136945951E-8 1000
49 7.81237973710359E-9 1000
50 5.48698772030378E-9 1000
51 3.784200506639798E-9 1000
52 2.577431654759374E-9 1000
53 1.8053225285869117E-9 1000
54 1.2071471735367308E-9 1000
55 8.243304187365014E-10 1000
56 5.783922696165952E-10 1000
57 4.0530654617574406E-10 1000
58 2.908993514694819E-10 1000
59 2.0236941891630034E-10 1000
60 1.3920299753582468E-10 1000
61 9.703744835443264E-11 1000
62 6.701488032981185E-11 1000
63 4.6909410603824565E-11 1000
64 3.26999744958012E-11 1000
65 2.2239354619430354E-11 1000
66 1.4938019240480354E-11 1000
67 1.0557908597152482E-11 1000
68 7.336744916724201E-12 1000
69 4.9572982720398874E-12 1000
70 3.3667039561938537E-12 1000
71 2.319656641227814E-12 1000
72 1.5797138107736403E-12 1000
73 1.0829611971808852E-12 1000
74 7.827957812347528E-13 1000
75 5.430348804479181E-13 1000
76 3.679904689805453E-13 1000
77 2.5202054673568104E-13 1000
78 1.7582200422376694E-13 1000
79 1.1836598340072562E-13 1000
80 8.183416911740437E-14 1000
81 5.555692235667527E-14 1000
82 4.009942009216945E-14 1000
83 2.801744598465365E-14 1000
84 2.0238655805860643E-14 1000
85 1.5070914386685446E-14 1000
86 1.2737274508156285E-14 1000
87 1.427794083072041E-14 1000
88 1.623374408895957E-14 1000
89 1.9264938897495662E-14 1000
90 2.184084971043606E-14 1000
91 2.338150748577806E-14 1000
92 2.3901042085500124E-14 1000
93 2.3888565356760365E-14 1000
94 2.3887676336252193E-14 1000
95 2.3879900407693067E-14 1000
96 2.3880210651655803E-14 1000
97 2.3880110858085637E-14 1000
98 2.3891812375762976E-14 1000
99 2.3910704868823263E-14 1000
